"","DESeq2","rank_sum","MAST_glm","MAST_glmer","PS_nb_Was","PS_dca_direct_Was","PS_saver_direct_Was"
"DESeq2",67,63,62,47,25,47,50
"rank_sum",63,354,306,88,25,117,150
"MAST_glm",62,306,353,90,26,129,150
"MAST_glmer",47,88,90,90,22,56,65
"PS_nb_Was",25,25,26,22,27,21,22
"PS_dca_direct_Was",47,117,129,56,21,158,105
"PS_saver_direct_Was",50,150,150,65,22,105,193
