DNAJC11	0.461065027006108
NADK	0.0953369384809415
MASP2	0.397123992151243
CLCN6	0.952287800786367
TNFRSF1B	0.28188893504398
THAP3	0.244299616927988
VPS13D	0.392894848687112
H6PD	0.131787957828108
VAMP3	0.110697994653117
PER3	0.422934517503394
KIF1B	0.258059246823879
PRKCZ	0.367646818566063
KCNAB2	0.237134366302917
ENO1	0.0113041168760991
GNB1	0.0259986585500383
SDF4	0.0437256035534069
PLOD1	0.162307707613909
ACOT7	0.30161523053326
DVL1	0.507109667364208
MORN1	0.127843466085309
CEP104	0.864407410258579
WRAP73	0.638193380897297
ICMT	0.651375802633995
RPL22	0.340392715762988
CHD5	0.798398110767455
PHF13	0.924332926069336
ERRFI1	0.829897882965695
PARK7	0.000178564927243559
SRM	0.928811638884314
FBXO2	0.107101282810809
FBXO6	0.606916756961387
MAD2L2	0.0757168747539723
KIAA2013	0.497939385073728
MFN2	0.0620741303486948
MIIP	0.685285262723487
PRDM2	0.597008231840059
UBIAD1	0.249588827139964
TARDBP	0.961307908949006
TNFRSF8	0.144637872852466
INTS11	0.249800408580404
LRRC47	0.395528188877041
UBE4B	0.876576236353644
CASZ1	0.39352524397628
ACAP3	0.361654388011502
C1orf159	0.198495379927155
CA6	0.918209685830619
NPHP4	0.0122547495585833
FBXO44	0.35553487223676
SLC2A5	0.753748926320467
RERE	0.00380438754980179
CFAP74	0.344717506340098
PRDM16	0.933585504406105
FHAD1	0.0961624494514234
EFHD2	0.281661772341455
PEX14	0.111929059977668
PGD	0.442755007340725
PLCH2_ENSG00000149527	0.420632227568946
PRXL2B_ENSG00000157870	0.990689755039544
TNFRSF14_ENSG00000157873	0.0718815990730983
PANK4_ENSG00000157881	0.329226493270275
PEX10	0.645669428625301
RER1	0.237467575917691
SKI	0.157620036159976
TPRG1L	0.83287214060429
RNF207	0.345654953589252
GPR153	0.29280227211569
DFFA	0.937682680879771
ATAD3B	0.473965502033629
SSU72	0.0597796907390215
UBE2J2	0.415264162549471
NOL9	0.185741562243776
KLHL21	0.86506841928254
SLC45A1	0.876693843148207
LZIC	0.0349680878803752
RBP7	0.0678047437470992
DRAXIN	0.918550707277481
PDPN	0.205808461713066
LRRC38	0.888037476278902
DHRS3	0.19149989043639
SCNN1D	0.197571447902078
FAAP20	0.166812071679282
MEGF6	0.369189293096344
DFFB	0.36346002874349
PUSL1	0.916845736177739
CLSTN1	0.972786356753204
PIK3CD	0.943468589125889
SLC25A33	0.0718282880535537
SPSB1	0.952422886569303
PLEKHG5	0.677752242952185
TMEM51	0.758907835870614
CAMTA1	0.326902140719546
EXOSC10	0.359519062378852
NMNAT1	0.220733435400352
TAS1R1	0.767605571377496
TMEM51-AS1	0.940250911167449
NPPA	0.868175702609242
AURKAIP1	0.237461760242681
B3GALT6	0.203466850489067
MTHFR	0.800351323528168
PRDM16-DT	0.276106056468323
CTNNBIP1	0.393184566740212
VWA1	0.962616592840185
TNFRSF18	0.941897840424846
ISG15	0.429151822465494
GABRD	0.0640446981259328
KLHL17	0.425791716603096
AGRN	0.078211851254911
HES4	0.184591291323634
TMEM201	0.0708031944691981
NOC2L	0.00354793530528459
KAZN	0.174962979272979
MMP23B	0.425223840830723
AJAP1	0.0434739892280477
MIB2	0.16135636355927
ATAD3A	0.726122426426712
HES5_ENSG00000197921	3.56626964721379e-08
MTCO3P12	0.342650322239185
MTOR	0.361886510501093
C1orf174	0.974657168890253
DISP3	0.175090442479393
ZBTB48	0.290756512575604
TMEM240	0.882995024606598
_ENSG00000215014	0.368273735350703
TNFRSF25	0.39295776336119
SLC35E2A	0.368273735350703
TTC34_ENSG00000215912	0.847059273833328
ATAD3C	0.379791384815513
_ENSG00000217801	0.625136362550862
CCNL2	0.469045604629206
CPTP	0.680214689249277
MRPL20-AS1	0.0193665359169872
MTND2P28	2.49555973307939e-05
MTND1P23	0.000105280762616346
_ENSG00000226849	0.163003036660995
WASH7P	0.102465014623706
TP73-AS1	0.797813699810721
_ENSG00000227775	0.991320932286717
_ENSG00000228463	0.0812822759075673
FNDC10	0.0821967564083705
LINC01128	0.799609684712524
_ENSG00000230021	0.317412727842686
_ENSG00000230092	0.22757550450476
LINC01786	0.608280459267516
PIK3CD-AS2	0.941897840424846
RERE-AS1	0.884675327256023
CICP27	0.000927106257536498
_ENSG00000234396	0.899456112186753
ANKRD65	0.601469214467628
_ENSG00000236948	0.606008381544219
_ENSG00000237094	0.439950809649506
_ENSG00000237365	0.488208148287479
LINC01409	0.627895627980497
MTCO1P12	3.23184150644829e-13
_ENSG00000238290	0.972587204999233
_ENSG00000241860	0.392851226455996
MRPL20	0.0240778025426482
CDK11B	0.00786481215253651
MTATP6P1	6.99062878965553e-12
CENPS-CORT	0.625136362550862
_ENSG00000268575	0.910321320607606
_ENSG00000272106	0.95902700380566
_ENSG00000272449	0.244721476750808
WASH9P	0.102797052941166
STPG1	0.640257735725017
NIPAL3	0.612217725567167
KDM1A	0.344508963821958
PAX7	0.317294132969865
FAM76A	0.706505321016036
ELOA	0.531930504413776
LYPLA2	0.697560969468297
FBXO42	0.0904732099630959
SLC66A1	0.426288520497758
AKR7A2	0.877989860366169
MRTO4	0.272421484567214
SZRD1	0.165527821947958
PITHD1	0.299866798226236
CROCC	0.696820305813207
PIGV	0.690202247096277
PTPRU	0.426107980120578
SPEN	0.622615325684433
CDC42	0.421123894764399
ARHGEF10L	0.962135054214767
EIF4G3	0.430245829418987
RAP1GAP	0.967723255513212
CAPZB	0.0688403556330502
CROCCP3	0.0122832366199633
ASAP3	0.602872094099703
SLC9A1	0.602054216441267
NUDC	0.160855317198466
MUL1	0.989730594309841
USP48	0.0245292746770346
DNAJC16	0.416122192136802
OPRD1	0.478829633716307
SRSF4	0.140065788315155
MECR	0.205323439277421
AGMAT	0.428008437086373
PLEKHM2	0.224966083236092
ZBTB17	0.0819290779772939
PADI2	0.252949648844119
SDHB	0.390033437383059
IGSF21	0.674637697834489
PINK1-AS	0.0550029953349113
KIF17	0.846338318029899
ECE1	0.911009696145891
HMGCL	0.43574266267981
GALE	0.764693954076912
ID3	0.0658099564787443
RCAN3	0.462897534352869
SYF2	0.430953766561625
RSRP1	0.957568523475475
STMN1	3.0896103237419e-09
MTFR1L	0.655291164158355
MAN1C1	0.536923721928193
RPS6KA1_ENSG00000117676	0.808681649377684
DHDDS	0.309341567264207
ARID1A	0.447940106692272
RPA2	0.86141354899689
PPP1R8	0.325700809062817
STX12	0.904028542789375
TAF12	0.269680055406183
HNRNPR	0.276925799780953
ZNF436	0.00262051873138554
DNAJC8	0.569159342489157
AHDC1	0.763724540578916
IFI6	0.850631050151597
AUNIP	0.182480046934161
EMC1	0.543493719096674
PLA2G5	0.941921562743705
UBR4	0.421610116114539
HP1BP3	0.442485300415084
CEP85	0.501492889081456
SESN2	0.236342029713327
ATP5IF1	1.99589668818832e-08
MED18	0.0999054347185755
THEMIS2	0.626126534592971
CASP9	0.240254698579939
EPHB2	0.150203741724661
SRRM1	0.215354681368364
SH3BGRL3	0.137029088657297
CNKSR1	0.181341281041314
RPL11	0.0978982825521695
ZNF593	0.854799172817426
MAP3K6	0.411263988193937
GPN2	0.771651384373031
WDTC1	0.908786819934696
NBPF3	0.648395668205614
HSPG2	0.499104715846496
NECAP2	0.139526493396597
LDLRAP1	0.534660435518111
PAFAH2	0.295583680514501
EXTL1	0.764981145518139
UBXN11	0.338713855328556
XKR8	0.821370311022927
EYA3	0.437219620699307
WASF2	0.469754414158966
NBL1	0.445160080725148
VWA5B1	0.605100615006104
CDA	0.900011747894475
PINK1	0.134478458701816
EPB41	0.039500397594054
C1QC	0.392514480229007
PADI4_ENSG00000159339	0.73835742740828
ATP13A2	0.861220368344468
GMEB1	0.264691325136518
SELENON	0.505308522423654
FBLIM1	0.130720245790407
SLC25A34	0.783275006007158
TMCO4	0.674399906453169
CAMK2N1	0.266103651834921
ALPL	0.448615518889495
PTAFR	0.923334631673618
CLIC4	0.700020701425765
LUZP1	0.228328695806761
OTUD3	0.227550338392957
IFFO2	0.00407058134222763
C1QB	0.650811774425498
C1QA	0.115728004078833
PDIK1L	0.966849323943984
_ENSG00000178715	0.0323414666656143
RCC2_ENSG00000179051	0.182599736410743
FUCA1	0.819870938241574
_ENSG00000179743	0.780051487269324
TRNAU1AP	0.218740226532915
RCC1	0.313453071370416
GPR3	0.808681649377684
PAQR7	0.619949286331034
FAM43B	0.922955340184508
TMEM50A	0.727829036503882
NCMAP	0.00379691636362958
ZBTB40	0.9223588338475
IFNLR1	0.870745933477468
FAM131C	0.645250643917659
MST1P2	0.260550303000875
TMEM222	0.49444775257874
RHD	0.593304646957939
SPATA21	0.377304886431657
SRSF10	0.0827686569032419
RHCE	0.815028570159647
CNR2	0.740679035564108
PNRC2	0.756468044615744
SH2D5	0.368731337428235
DDI2	0.237237648884066
MDS2	0.425791716603096
SNHG12	0.844709729377348
YTHDF2	0.98264722908338
GPATCH3	0.856415919825091
HMGN2	0.231276905900958
PHACTR4	0.160000753542297
ZDHHC18	0.000550940561705276
MACO1	0.261115302393815
TCEA3	0.771492676823983
CELA2B	0.0681700706365031
CROCCP2	0.0352963302736344
LINC00339	0.640532191243322
NBPF1	0.823158387000927
_ENSG00000223583	0.229968922818542
_ENSG00000224311	0.918209685830619
NPM1P39	0.606008381544219
_ENSG00000225886	0.572828514272951
DHDDS-AS1	0.830766699541955
LINC01772	0.1181338038289
_ENSG00000226526	0.447024805876757
SPCS2P4	0.00296906601562788
EMC1-AS1	0.500125526266927
LINC01756	0.62443404830482
_ENSG00000232456	
_ENSG00000233478	0.00355794608972013
MT1XP1	0.282174060496012
UQCRHL	0.397684086029761
_ENSG00000235912	0.43632823099966
ZPLD2P	0.670173767006805
_ENSG00000236528	0.191520173742623
ELOA-AS1	0.702967453402857
LINC01141	0.874025338719491
_ENSG00000238142	0.245856744047394
_ENSG00000240553	0.231143919178157
DDOST	0.992051399806228
ZNF436-AS1	0.0660795557541567
TRNP1	0.738937606760991
_ENSG00000261135	0.393188147716319
LINC01355	0.156459750618738
NCMAP-DT	0.625136362550862
ESPNP	0.249139112017354
MICOS10-NBL1	0.0999054347185755
_ENSG00000280114	0.0816118484286796
AK2	0.606329130661401
SCMH1	0.693191039027809
NCDN	0.885977578482968
KPNA6	0.873527700324518
TRIT1	0.19858773052215
COL9A2	0.0793835185303766
TRAPPC3	0.795659529962354
THRAP3	0.925289752045938
SNRNP40	0.185219125649948
YBX1	0.462618586352852
TIE1	0.0573814662367389
KDM4A	0.247383008829374
NFYC	0.818000670438794
ZMYND12	0.326587454020358
ELOVL1	0.698520409486956
TESK2	0.0162726393919064
EIF2B3	0.84896883522447
SMAP2	0.646465655906404
PPIE	0.483473641416375
ZMPSTE24	0.725974890640817
EIF3I	0.514885462626373
NKAIN1	0.463817987764908
COL16A1	0.00549894292028592
TXLNA	0.69606527871476
POMGNT1	0.989143165871319
RAD54L	0.342650322239185
MAST2	0.857064466735342
PABPC4	0.657930149122129
AGO1	0.672681583778974
CLSPN	0.343862824456638
HDAC1	0.396849001071123
S100PBP	0.622889107606572
RNF19B	0.551183287426584
TRIM62	0.510647106982622
DLGAP3	0.599175169837754
SFPQ	0.435645056830869
TFAP2E	0.788296299755411
ADPRHL2	0.917901379816708
MAP7D1	0.530982492263272
OSCP1	0.606066302967349
MRPS15	0.0663818437721296
C1orf109	0.643814839285669
RRAGC	0.397123992151243
HPCAL4	0.713624471218509
BMP8B	0.179303947260563
RLF	0.950448716445746
ZNF684	0.519842653125033
KCNQ4	0.738937606760991
RIMS3	0.510263871749434
P3H1	0.731451433544014
SLC2A1	0.793033381459106
EBNA1BP2	0.135873869840812
MPL	0.29280227211569
IPO13	0.987506089511619
ATP6V0B	0.273806207498642
B4GALT2	0.0708401046749087
ERI3	0.928765917185181
PTCH2	0.698270555236777
AKR1A1	0.129790403338582
PRDX1	0.106534549534019
PIK3R3	0.649867580637971
FAAH	0.759295860001734
NSUN4	0.0177615695090305
CSF3R	0.646486858959536
ADGRB2	0.0587384256608565
HCRTR1	0.14442631867264
ZCCHC17	0.392592360220487
FABP3	0.000489028658176737
KHDRBS1	0.901909650667438
TMEM39B	0.4852660011323
TMEM54	0.118870131243125
ZSCAN20	0.317923650062839
CSMD2	0.913760759968691
HPCA	0.0952599666231658
PSMB2	0.0622678517119429
AGO3	0.795822102470756
UROD	0.154384180668741
ST3GAL3	0.927198249670472
TMEM53	0.394165190101836
HECTD3	0.0652387690270136
HIVEP3	0.0500865758866676
PPCS	0.781681354299448
MACF1	0.271191246490895
CAP1	0.350240157281263
PPT1	0.73597221640676
LRRC41	0.260927696878515
MMACHC	0.845257125661787
DPH2	0.641806258517218
TOE1	0.24749412322599
NASP	0.0595120163430409
MUTYH	0.875745888093907
PUM1	0.00200436978663512
YARS1	0.332328769342355
PHC2	0.838335698761675
CDCA8	0.606008381544219
GNL2	0.51202856835417
AGO4	0.290299962961322
C1orf216	0.220486526940334
KIAA0319L	0.00303141406147407
AZIN2	0.0756434129066561
RPS8	0.00144716185357834
KIF2C	0.0790900277353618
PTPRF	0.0162018249940095
BEST4	
ZMYM4	0.293865121397997
RHBDL2	0.107192642362632
CCDC24	0.184465280116635
MED8	0.388307137864857
GPBP1L1	0.139737471573617
TMEM69	0.868753664719006
CCDC28B	0.0861444890877512
IQCC	0.39184151300909
TMEM234	0.681335113262731
BSDC1	0.958029127889148
ZBTB8A	0.242423774097467
ZNF362	0.232222181753621
FNDC5	0.647907999322303
ZSWIM5	0.11631406786528
LAPTM5	0.117421406524743
SDC3	0.0907231125805353
PEF1	0.847348938567654
SYNC	0.586779336505355
RBBP4	0.483411613414348
KIAA1522	0.564151771435576
TSSK3	0.653878398996481
SMIM12	0.168398379932553
GRIK3	0.206696052269366
MEAF6	0.699024238810993
SNIP1	0.013383709512776
DNALI1	0.808894589333685
EXO5	0.624907908229873
C1orf50	0.75394175972137
ERMAP	0.642359122021394
ZNF691	0.450298395065956
MFSD2A	0.421999637272832
NDUFS5	0.00015487295036277
LURAP1	0.261791919164729
SLFNL1	0.114850974026671
CTPS1	0.361583541012886
COL8A2	0.130899108018987
PPIH	0.443313598039691
UQCRH	0.00621980095935223
PLK3	0.425791716603096
AKIRIN1	0.402044960990853
MARCKSL1	0.705386798518213
ZBTB8OS	0.694999582412203
RIMKLA	0.0379523177636383
SVBP	0.196245156682142
DMAP1	0.0596539430943814
HYI	0.280974401603575
TMEM125	0.898900525755339
CITED4	0.918209685830619
LSM10	0.28564240927713
LCK	0.902234778098886
EPHA10	0.6510390221089
FHL3	0.625839017290262
SF3A3	0.582584162566412
UTP11	0.999663874382606
BMP8A	0.625136362550862
PTP4A2	0.637391332863138
A3GALT2	0.942864538802018
MANEAL	0.813580821137355
POU3F1	0.926369583963977
CCDC30	0.163168062247269
RNF220	0.387380725374665
ZFP69B	0.625839017290262
ZFP69	0.625839017290262
MTF1	0.086488803770519
STK40	0.0608413896915456
YRDC	0.316979681126632
SLC6A9	0.382203706966358
ZMYM1	0.502501289883578
IPP	0.264572567381578
C1orf122	0.0354618717166895
SZT2	0.523348398026754
ARMH1	0.428700912943079
FOXJ3	0.0676813750671446
_ENSG00000203325	0.269304491276719
FOXO6_ENSG00000204060	0.62443404830482
INPP5B	0.0557658011934054
SH3D21	0.918209685830619
MTMR9LP	0.942864538802018
DCDC2B	0.450298395065956
_ENSG00000223944	0.136574094727748
_ENSG00000224066	0.179303947260563
MIR3659HG	0.0863268569757677
_ENSG00000225313	0.63460057592401
_ENSG00000225721	0.625314003305536
FAM229A	0.635073047200141
_ENSG00000226438	0.765632202789204
ZMYM4-AS1	0.397443792211714
SLC2A1-AS1	0.409498738492047
_ENSG00000228436	0.00195074767815912
_ENSG00000229044	0.900011747894475
_ENSG00000229444	0.688371876851756
_ENSG00000230615	0.247963344925945
_ENSG00000230955	0.446870059163251
_ENSG00000233246	0.504041301712958
_ENSG00000233514	0.540495349527136
_ENSG00000235358	0.650920951372902
_ENSG00000236065	0.0979706823717028
KDM4A-AS1	0.344578962984235
_ENSG00000237899	0.342650322239185
_ENSG00000237950	0.00984093703039682
_ENSG00000238287	0.523890410617983
_ENSG00000241014	0.886115997615463
CFAP57	0.375064513358884
PPIEL	0.561150311533577
_ENSG00000254553	0.155922184371289
_ENSG00000259943	0.468031061366897
_ENSG00000260920	0.504041301712958
_ENSG00000269967	0.883955132072979
_ENSG00000271554	0.635382443603793
_ENSG00000273637	0.572503683533664
_ENSG00000278139	0.0821410037688772
SLFNL1-AS1	0.447916250929084
LRRC7	0.73505777593107
PTGER3	0.857316323613506
YIPF1	0.100075269983649
NDC1	0.5262775525346
LRRC40	0.713912642285989
NRDC	0.0028861017940768
MKNK1	0.814469970135016
PGM1	0.651034400956914
HSPB11	0.583805844820439
IL12RB2	0.29280227211569
TTC39A	0.018478540590437
EPS15	0.813839258659485
ORC1	0.0999054347185755
ALG6	0.524973319356063
DHCR24	0.00964272650275418
SCP2	0.998091952257517
TCEANC2	0.0639015917913479
TMEM59	0.39944012087679
LRRC42	0.558455621408391
MRPL37	0.0711914777246137
DOCK7	0.184392503164999
DNAJC6	0.672543917936061
LEPR	0.296749184580515
SLC35D1	0.187695801664893
GADD45A	0.0764642353021932
WLS	0.719463887429796
SRSF11	0.354321123742737
CTH	0.361278097424396
OSBPL9	0.683103153307859
TXNDC12	0.513231633503517
ANKRD13C	0.0179110786546866
SGIP1	0.095942099497042
ECHDC2	0.0126023536750691
RNF11	0.42407177383018
ATPAF1	0.208755716695373
STIL	0.0774152807389143
ATG4C	0.068250622332786
SPATA6	0.825116607349269
ZRANB2	0.740762021186636
PATJ	0.282974583122749
KANK4	0.131257401844565
HOOK1	0.00239059024763661
CYP2J2	0.0434936070109333
BTF3L4	0.0462614826152011
TUT4	0.590354938088671
PRPF38A	0.125531764528774
ITGB3BP	0.980469090254364
SERBP1	0.98143243338381
TCTEX1D1	0.504041301712958
WDR78	0.97867330302336
CC2D1B	0.792187710021923
ZFYVE9	0.958854930050034
CPT2	0.606916756961387
LRP8	0.944779248792302
SSBP3	0.711596453667684
CACHD1	0.000412108591141853
EFCAB14	0.140788422660571
CMPK1	0.483583831543094
ELAVL4	0.152400302631709
COA7	0.310278811874322
ZYG11B	0.604798510897488
CZIB	0.142405965433714
MAGOH	0.192098788579536
ACOT11	0.24504906839367
FAM151A	0.643348428477209
USP24	0.743398059528236
PLPP3	0.0369314313002756
PRKAA2	0.993590572680643
AK4	0.0800621125778255
JAK1	0.576336135694373
RAVER2	0.219657148224236
DIRAS3	0.193283788597977
NFIA	0.0234989140012505
MYSM1	0.63567101659183
TM2D1	0.530703172972543
USP1	0.149863384803385
RAB3B	0.361375417914962
NEGR1	0.84068453370946
GNG12	0.962724684551524
FGGY	0.949473004219352
DAB1	0.0127843744441456
GLIS1	0.00652839573407918
JUN	1.60793667943338e-08
SHISAL2A	0.918209685830619
PDE4B	0.487435324428251
FAF1	0.0795367315857208
ROR1	0.3677929058869
AGBL4	0.539460485562529
CYP4Z1	0.504041301712958
CYP4X1	0.834676069803104
FYB2	0.37982618861327
HHLA3	0.838363636952406
MIER1	0.0768873496613625
LINC01562	0.808681649377684
C1orf141	0.856866098435128
EFCAB7	0.956463141505841
ZYG11A	0.203388526488728
C1orf185	0.95406577357921
DIO1	0.0681700706365031
_ENSG00000223390	0.606462493213343
LINC01707	0.574160019255973
LINC00466	0.144215001727512
_ENSG00000225087	0.85781012074382
CYP4A22-AS1	0.256259237684489
LINC01771	0.346014092464655
LINC01389	0.28188893504398
LINC01748	0.0803450060060364
LINC01359	0.734956240460027
LINC02796	0.29280227211569
EPS15-AS1	0.0343055530311334
CALR4P	0.941897840424846
RPS13P2	0.782034594387925
LINC01788	0.918891751183636
_ENSG00000229294	0.826333272639504
_ENSG00000229846	0.269493119016605
ZRANB2-AS2	0.928902073363352
_ENSG00000231252	0.8522806731594
_ENSG00000231985	0.29280227211569
GNG12-AS1	0.364816019719094
LINC02777	0.487327661942389
PIGPP2	0.0681700706365031
LINC01135	0.711562564609262
ZRANB2-AS1	0.942864538802018
_ENSG00000235545	0.655663431035447
_ENSG00000236723	0.639980336225612
LRRC7-AS1	0.0725387929617743
SKINT1L	0.562650075389507
_ENSG00000248458	0.603799174151456
_ENSG00000256407	0.269493119016605
TRABD2B	0.625839017290262
MKNK1-AS1	0.919573876223222
_ENSG00000271200	0.380541060657225
MROH7-TTC4	0.543161532344573
CLCA1	0.342650322239185
GCLM	0.421412277262798
_ENSG00000036549	0.00804216134339745
MSH4	0.597691709920962
COL11A1	0.842776902723584
PKN2	0.707522100169175
EVI5	0.518631318722288
DNTTIP2	0.0333201193805392
TGFBR3	0.987020670441357
USP33	0.0855711185259638
CDC14A	0.206518414402694
SLC25A24	0.0710381418207188
SH3GLB1	0.495595560971843
CDC7	0.393742013323238
SYDE2	0.6524269711943
PALMD	0.179303947260563
TNNI3K	0.179303947260563
CRYZ	0.387972754218966
ACADM	0.897573058962326
ST6GALNAC5	0.640912173433577
ADGRL2	0.00460959540861295
RPF1	0.663937957063911
CTBS	0.298004353803018
SSX2IP	0.500227989600858
ZNHIT6	0.740715566378855
TMED5	0.234291654143505
DR1	0.191334250484899
CNN3	0.0383941600923364
F3	1.96019924656088e-06
ABCD3	0.846919327501922
DPH5	0.793180443493688
PTBP2	0.0886917121178135
PLPPR5	0.398655158734914
PLPPR4	0.937702503341415
SLC35A3	0.933386327860129
OLFM3	0.0784382713310278
RPL5	0.711817263000898
ODF2L	0.952202651432773
PTGFR	0.62443404830482
SPATA1	0.715353148634756
TRMT13	0.247407248258574
LRRC39	0.309162031470738
ZNF644	0.103483546865977
CCDC18	0.00702805934693193
RPAP2	0.0689536127863465
VAV3	0.703385964980913
BCAR3	0.783329873637975
TTLL7	0.983252891900641
FNBP1L	0.896169807459927
KYAT3	0.601921779884433
GTF2B	0.488850330500611
BRDT	0.272207273354529
RABGGTB	0.503083563533956
IFI44L	0.916875514597993
GIPC2	0.60324362006583
ARHGAP29	0.530922580639355
IFI44	0.484472488864295
SLC44A5	0.298395187802178
RPL7P9	0.00616306293242101
DBT	0.0578354982298399
RTCA	0.398695988666482
BCL10	0.38229385727181
CCN1	0.00313466244572768
PRKACB	0.352542565527636
PIGK	0.333320826302145
LMO4	0.00394317932869296
MTF2	0.354238107444934
SLC44A3	0.451920980201262
DDAH1	0.0660676700177173
HS2ST1	0.602077937740214
ASB17	0.62443404830482
AK5	0.168110544122244
DIPK1A	0.16441837485325
FRRS1	0.62443404830482
MFSD14A	0.427312987759805
SASS6	0.801423651491736
FUBP1	0.0311650999875375
NEXN	0.208127184141767
ADGRL4	0.369189293096344
LRRIQ3	0.205890966476773
LRRC53	0.29280227211569
TYW3	0.454081446301311
SNX7	0.616842353934934
NTNG1	0.561034472898938
C1orf52	0.913077085752559
WDR63	0.512646068972944
GBP4	0.0423928472607116
ZNF326	0.66442233950968
HFM1	0.132280571740908
AGL	0.197944369689783
EXTL2	0.961118464892378
SLC30A7	0.7040749980896
S1PR1	0.506195107359784
LRRC8D	0.170560002932311
COL24A1	0.290889650738641
EPHX4	0.19402213836824
ALG14	0.8782441840105
GNG5	0.646703088267444
GLMN	0.766120183890196
ERICH3	0.669625271695045
MIGA1	0.631515490321704
GPR88	
SELENOF	0.767154958203295
ST6GALNAC3	0.731257691740753
RNPC3	0.000155130994453408
DPYD	0.676868713221083
BTBD8	0.0166243981074943
LRRC8B	0.1729954449722
ABCA4	0.646048891749333
PRMT6	0.57335185203678
C1orf146	0.00528956158548612
HSP90B3P	0.810696872280556
SAMD13	0.398404123675329
_ENSG00000223653	0.665159842575883
CCDC18-AS1	0.103474596303033
SLC44A3-AS1	0.353977932021876
LINC01708	
_ENSG00000224550	0.000341123085825639
_ENSG00000224613	0.10605369387105
MIR137HG	0.0521604465712718
_ENSG00000225505	0.942864538802018
_ENSG00000226026	0.0534092996963949
LINC01776	0.136574094727748
_ENSG00000226970	0.642321791160607
SEC63P1	0.895333065007893
_ENSG00000228187	0.883715091834213
_ENSG00000228399	0.64120518847772
LINC02607	0.345654953589252
VAV3-AS1	0.13054157320058
_ENSG00000230498	0.873317530190521
LINC01676	0.738937606760991
LINC01362	0.399045120418792
LRRC8C-DT	0.428764032036328
_ENSG00000232825	0.898900525755339
DPYD-AS1	0.0862064011015569
_ENSG00000232952	0.101208044911351
LINC01725	0.70436191438078
_ENSG00000233184	0.0868089184896362
_ENSG00000233359	0.280498796396768
LINC02609	0.466057591732398
ERICH3-AS1	0.0681700706365031
PTGES3P1	0.63515454480116
_ENSG00000234953	
_ENSG00000235501	0.0226768431054744
NEXN-AS1	0.136574094727748
_ENSG00000236676	0.24609018920946
CLCA4-AS1	0.827824987059038
PKN2-AS1	0.135449848117254
AMY2B	0.882312106749239
_ENSG00000241073	0.281193282628809
_ENSG00000259946	
TLCD4-RWDD3	0.64594692924388
_ENSG00000271576	0.855965787926627
_ENSG00000271949	0.897789501798759
_ENSG00000273487	0.317294132969865
ST7L	0.0873533309931781
CSDE1	0.0665755166362342
SARS1	0.0107583462044026
SIKE1	0.51144416474578
DDX20	0.153747376486355
GNAI3	0.00711941465020773
WDR3	0.657033517672378
RSBN1	0.140819486958902
MAGI3	0.432076552624794
WDR47	0.106323340194252
OVGP1	0.218830796410528
PHGDH	0.75572715812583
STXBP3	0.299736613699571
KIAA1324	0.647099758520949
AMPD2	0.353086237352374
KCNC4	0.156007805036273
ATP5PB	0.0308888951368809
RAP1A	0.326702513969631
CAPZA1	0.815542694763196
AMPD1	0.57335185203678
BCAS2	0.0492923085397527
PHTF1	0.343065526707077
CD58	0.221064325755626
TTF2	0.13285760677635
WARS2	0.0930810884335536
GPR89A	0.411971348106311
DCLRE1B	0.395527311701863
POLR3GL	0.520166086495529
LRIF1	0.122141632643846
TMIGD3	0.859566467437791
GPSM2	0.934831301041297
CHD1L	0.00255817921330948
PEX11B	0.0949588682347454
FMO5	0.817398537486405
PIAS3	0.561099428602576
PRKAB2	0.829327759648341
PRPF38B	0.767364138494307
TSPAN2	0.342650322239185
GSTM5	0.189426355630744
GSTM3	0.920745798774181
SYT6	0.570436460239866
PSRC1	0.872003734570659
PTPN22	0.872888837020757
SORT1	0.630698782361168
WNT2B	0.861442437167208
PTGFRN	0.990814424496529
LAMTOR5	0.0123873171519587
NOTCH2	0.760916318017876
TRIM45	0.465776045204222
CEPT1	0.73354263918487
CD101	0.394199961359589
VTCN1	0.203351349098751
NGF	0.29280227211569
AP4B1	0.307962697430369
IGSF3	0.39352524397628
ZNF697	0.105765584554671
CTTNBP2NL	0.217304134527911
STRIP1	0.40674648298877
PSMA5	0.0858407941992121
C1orf162	0.261218596409697
CD53	0.855376446606301
CELSR2	0.0720937319892673
ITGA10	0.179303947260563
MOV10	0.959503396050276
RHOC	0.930890928931721
SLC16A1_ENSG00000155380	0.513417337512363
SPAG17	0.884675327256023
GPR61	0.179303947260563
DRAM2	0.439573055487498
FAM102B	0.138714798918618
HENMT1	0.318553985029774
AKNAD1	0.202956677729916
ATXN7L2	0.0503173039227369
RBM15	0.50238019828471
NBPF20	0.653034702523988
HIPK1	0.720892038791921
SLC22A15	0.873643336181502
ATP1A1	0.0149027290102353
SLC16A4	0.0934305461324063
AHCYL1	0.00405858777292545
GSTM4	0.138549225315248
KCND3	0.46556748078148
SRGAP2C	0.282402659260153
CYB561D1	0.843513141836061
PDZK1	0.0389833457600389
DENND2C	0.820470608670729
KCNA2	0.247688143031763
C1orf194	0.89451209969879
AMIGO1	0.649332124365707
CSF1	0.0521346134537807
POLR3C	0.258915461247247
SRGAP2B	0.638546183904534
GDAP2	0.992522301458579
SLC6A17	0.960606637812963
TRIM33	0.94426420830946
TAF13	0.487766920866642
INKA2	0.650184493094741
MAN1A2	0.654994554855496
ANKRD35	0.0455144630351687
SYCP1	0.29280227211569
LRIG2	0.344298006511302
ATP1A1-AS1	0.98943210903798
GNRHR2	0.392177909068904
NRAS	0.120402513648536
TMEM167B	0.119059545232014
LINC01356	0.740098411144003
_ENSG00000223804	0.00488269222110785
LINC01357	0.426740918130851
_ENSG00000224363	0.328687448822357
LAMTOR5-AS1	0.225380644366316
LINC00623	0.714470062687667
AP4B1-AS1	0.504674702391583
SLC16A1-AS1	0.301602774109559
LINC02798	0.359422950967061
_ENSG00000227193	0.218083274300029
NBPF13P	0.179303947260563
_ENSG00000227712	0.740679035564108
RBM15-AS1	0.561749984897522
SRGAP2-AS1	0.342650322239185
_ENSG00000231246	0.0143380934084819
WARS2-AS1	0.0331481403669591
LINC01750	0.918209685830619
EMBP1	0.504041301712958
LINC01719	0.885155508586149
_ENSG00000237343	
LRIG2-DT_ENSG00000238198	0.61386389318596
_ENSG00000243960	0.505308522423654
HSD3BP3	
_ENSG00000259834	0.00262051873138554
LINC00622	0.489089491859393
_ENSG00000260948	0.368273735350703
RBM8A	0.925443447557527
RNF115	0.924120216808068
SEC22B	0.348347587766105
TXNIP	0.00805205444502561
NBPF15	0.562317085601615
NBPF12	0.513923235937936
NBPF8	0.234210840675911
SRGAP2D	0.136574094727748
NBPF10	0.944483204624162
LIX1L	0.808196828034313
ANKRD34A	0.979491123967956
NBPF25P	0.643932053141436
LINC01145	0.0514823120288676
NBPF26	0.984677160871545
_ENSG00000273382	0.393862515202034
_ENSG00000274642	0.0863515151321842
_ENSG00000275131	0.572660633638429
HYDIN2	0.0102806817225578
LINC01632	0.269056455381149
LINC00624	0.506044990916573
MTMR11	0.917527680662566
PLEKHO1	0.0826864294965027
BCL9	0.529034343240413
SCAMP3_ENSG00000116521	0.497236947708434
ASH1L	0.408674589358785
GON4L	0.170695973587277
ARHGEF2	0.127873430403286
LAMTOR2	0.00272120097371535
MEF2D	0.157852811488302
PRPF3	0.840071215455973
APH1A	0.335255694499206
C1orf54	0.727824447743227
MSTO1	0.521184996654775
C1orf61	2.72740796249407e-05
DAP3	0.387848044442194
KHDC4	0.501446296081584
NES	0.627346182836156
BCAN	0.0275483633375387
ARHGEF11	0.505246749470231
HAPLN2	0.0107734537544373
SYT11	0.000294261927802965
VPS45	0.212173995948811
PRCC	0.0313728689506212
RRNAD1	0.808466639982612
MRPL24	0.218939269970003
ISG20L2	0.171474292333818
CRABP2	0.29280227211569
HDGF	0.0298575159340912
PRUNE1	0.328307020973051
TUFT1	0.918209685830619
SF3B4	0.854799172817426
ECM1	0.825121587713871
ZNF687	0.207504074031035
TARS2	0.53576253588481
CGN	0.860152074075262
SNX27	0.938447994653004
SETDB1	0.421427257706771
MCL1	0.259139759116761
CTSK	0.206221201810889
RFX5	0.0653623344967281
PI4KB	0.877131244948761
PIP5K1A	0.603736591299345
ANP32E	0.126636775299343
MINDY1	0.62539296770259
SELENBP1	0.00916251703575951
CERS2	0.917038992241709
ENSA	0.570136922058896
SEMA6C	0.421389609506861
MRPL9	0.40405171256378
ARNT	0.763378806890898
POGZ	0.769225809437835
C1orf56	0.616628256583077
HORMAD1	0.29280227211569
GOLPH3L	0.59252373768646
GABPB2	0.171801864005571
ATP8B2	0.728743725253254
ADAM15	0.397116201347428
JTB	0.0327069996156357
TPM3	0.0982125050973743
NUP210L	0.455635938952887
SNAPIN	0.646876696043957
SLC27A3_ENSG00000143554	0.127394688201924
UBAP2L	0.788576729637846
SLC39A1	0.275823843560898
HAX1	0.82977495670202
EFNA3	0.180854856381636
KCNN3	0.907160895316657
C1orf43	0.0371210963967889
GATAD2B_ENSG00000143614	0.724820111115364
ILF2	0.405154658999746
RIT1	0.0664684202880296
INTS3_ENSG00000143624	0.265867577747385
HCN3_ENSG00000143630	0.636093230138664
SV2A	0.452530931487777
CIART	0.270445424347743
PSMD4	0.799298171026387
PSMB4	0.50535243207253
CELF3	0.986335522456381
THEM4	0.148680813484967
S100A1	0.193869297105214
CHTOP	0.277066559332503
ZBTB7B	0.159097957992553
FLAD1	0.273285122697484
ADAR	0.26870512381344
IL6R	0.0263671743498588
UBE2Q1	0.955852230073853
CHRNB2	0.0320937894303541
CRTC2	0.0548112020144711
FDPS	0.026262461934928
RUSC1	0.156567167808402
GBAP1	0.0857341925459703
FAM189B_ENSG00000160767	0.0457612442454143
PAQR6	0.0530740138362142
SLC25A44	0.233721999745077
LMNA	0.0237930344148204
UBQLN4	0.426646727933245
GPATCH4	0.648589483732619
ACP6	0.578083408981929
RPRD2	0.574169386228101
CTSS	0.461317659569836
BNIPL	0.854615673932296
LYSMD1	0.627346182836156
SCNM1	0.789102328086257
VPS72	0.266385649232281
S100A11	0.0335651909420408
TDRD10	0.0432740276390938
PMVK	0.683540717326094
PBXIP1	0.579286401212777
PYGO2	0.907012986336713
YY1AP1	0.0325768628964939
NAXE	0.0419217900806699
TRIM46	0.566257382553732
KRTCAP2	0.0927230067426536
TSACC	0.574923224124175
CCT3	0.0943689702994295
TMEM79	0.0644534239571119
SSR2	0.287722370134691
THBS3	0.502982947422596
SLC50A1	0.207504074031035
EFNA1	0.306460451888918
SHE	0.203172518555563
MTX1	0.0341971426391375
CKS1B	0.90056743260908
CLK2_ENSG00000176444	0.235211430237065
GBA_ENSG00000177628	0.627346182836156
RPS27	0.207380054655934
BOLA1	0.401436819148555
PDE4DIP	0.381089727369214
RIIAD1	0.57335185203678
DPM3	0.514413550373535
TDRKH	0.973657150639037
H2BC21	0.381743372952907
GPR89B	0.513838808997257
S100A16	0.677898910053811
S100A13	0.75734977030951
SEMA4A	0.55933955473807
CDC42SE1	0.672655505374029
S100A10	0.3314362136931
S100A6	0.107989249174204
GLMP	0.965701944147653
DENND4B	0.749588790019221
SMG5	0.428108094591171
TDRKH-AS1	0.505308522423654
ADAMTSL4-AS1	0.00240024077680925
H2BC18	0.0817336064862151
MLLT11	2.46114338302721e-05
_ENSG00000215861	0.0754117507301497
_ENSG00000223945	0.247963344925945
LINC01527	
DAP3P1	0.94924640271232
_ENSG00000227733	0.397585258407373
FALEC	0.0932279514272225
_ENSG00000231064	0.761965288162452
_ENSG00000231551	0.533209223208733
LINC02805	0.574923224124175
PUDPP2	0.202525497203047
_ENSG00000234232	0.345296052371122
C2CD4D-AS1	0.942864538802018
ASH1L-AS1	0.883715091834213
PPIAL4G	0.342650322239185
_ENSG00000237842	0.572305403327207
FLG-AS1	0.143644313636152
_ENSG00000246203	0.375808434967201
_ENSG00000249602	0.489971691754021
_ENSG00000254539	0.344578962984235
_ENSG00000255148	0.942864538802018
NBPF11	0.644781593847939
OTUD7B	0.273604762234137
MRPS21	0.093540246432225
NBPF9	0.911558953997651
NBPF14	0.922832236697316
NBPF19	0.0208894874255465
_ENSG00000273088	0.737777397021141
_ENSG00000274019	0.269120626528756
LINC01138	0.0300315675610862
_ENSG00000274265	0.0563663518331823
LINC00869	0.941798472255939
_ENSG00000280649	0.857029746603027
SCYL3	0.639648282242618
C1orf112	0.651783533353268
EEF1AKNMT	0.273656569717815
ATP1A2	0.150895430897237
KIFAP3	0.38423423601452
FMO4	0.471788172180896
KLHL20	0.799492314296051
DUSP12	0.774692754482305
SUCO	0.860238597889385
PRRX1	0.0325514866331248
TNR	0.12689879971098
CACYBP	0.429313501554229
ETV3	0.6880060212912
UAP1	0.343248364387103
RGS4	0.440575515234427
BLZF1	0.647700404609342
CCDC181	0.0267143507032168
SLC19A2	0.528596804194059
MROH9	0.248668344154304
PRRC2C	0.364794417089417
VAMP4	0.281187370702784
PRDX6	0.0598228847682182
DARS2	0.227508134747234
ATF6	0.0380595010849302
TNN	0.504674702391583
MRPS14	0.334978329044825
CENPL	0.942864538802018
GORAB	0.308914345155586
COPA	0.848266103011491
HSD17B7	0.0094229301410997
DCAF8	0.670716461743529
PIGC	0.591960177558184
RC3H1	0.649354301921931
GPR161	0.968481084573762
ALDH9A1	0.451653212821943
ATP1B1	0.712948468026246
TIPRL	0.738024557448946
NME7	0.736929013495406
POGK	0.04285715236018
MPC2	0.00114559818280748
CREG1	0.895327513827174
DCAF6	0.128049397018259
RXRG	0.848011581870874
TBX19	0.561749984897522
UCK2	0.675861608279116
TMCO1	0.23622397103596
POU2F1	0.456384417212074
MAEL	0.182806380468718
ILDR2	0.153993236708607
DPT	
MGST3	6.90331706476832e-08
ADCY10	0.327674544171438
COP1	0.00570424817480001
UFC1	0.00558602115998859
PPOX	0.140328511428568
NUF2	0.229811245436376
RGS5	0.961411602664272
SDHC	0.00699593962589879
PFDN2	0.000101365191909636
USP21	0.644771897791849
PIGM	0.523599718359073
CASQ1	0.0329516176348738
RABGAP1L	0.329805041238538
UHMK1	0.991053739505632
TADA1	0.981531178076265
TAGLN2	0.844778408895936
DUSP23	0.635258040155899
F11R	0.342650322239185
USF1	0.31526250642414
NIT1	0.0138793538926831
DEDD	0.30047109385263
B4GALT3	0.261136768503707
ADAMTS4	0.392851226455996
NDUFS2	0.103429298220076
TOMM40L	0.504320021210131
MPZ	0.179303947260563
CADM3	0.0610964945354887
KCNJ9	0.6510390221089
IGSF8	0.365700322163457
DDR2	0.312075780446632
PEA15	0.507948363536524
NCSTN	0.0779519102968031
VANGL2	0.718720129569195
OLFML2B	0.88563573209727
SLC9C2	0.126128948666422
KLHDC9	0.00493870890421415
PYHIN1	0.246791456835843
IFI16	0.317537627876375
KCNJ10	0.186786971123399
ANKRD45	0.648000948017993
KIRREL1	0.89451209969879
ZBTB37	0.713213959099976
PBX1	0.28860049713093
CCDC190	0.409851427444404
ARHGAP30	0.625136362550862
SNHG28	0.924093266864402
FAM78B	0.511200773435798
DNM3	0.941777033092665
MPZL1	0.9309793742067
SH2D1B	0.504674702391583
F5	0.636183380400136
RCSD1	0.24571355327559
CD247	0.64924593661462
NOS1AP	0.197744043916078
LINC00970	0.516464912336326
_ENSG00000203739	0.00772771494114582
SFT2D2	0.188298482598636
ACKR1	0.273179609034744
_ENSG00000224228	0.634333280566707
TMCO1-AS1	0.626532970601081
_ENSG00000225325	0.606462493213343
CADM3-AS1	0.0681700706365031
LINC00626	0.29280227211569
RABGAP1L-DT	0.872031562771394
LINC02803	0.669625271695045
_ENSG00000228560	
_ENSG00000229531	0.426424380641292
GORAB-AS1	0.885155508586149
_ENSG00000232892	0.808178041316175
PFN1P1	0.466620968208065
GAS5	0.593783261515336
_ENSG00000235575	0.269120626528756
_ENSG00000236021	0.165552859864863
C1orf226	0.917527680662566
PCP4L1	0.847419799781898
_ENSG00000258465	0.645211103178625
_ENSG00000260990	0.29280227211569
_ENSG00000270149	0.0784263656053855
CFH	0.571782519410272
GLRX2	0.28188893504398
TPR	0.0265304417340178
SOAT1	0.801916346867336
LAMC2	0.0681700706365031
ATP2B4	0.722648225978313
ZC3H11A	0.19681527361776
ASPM	0.941897840424846
PTGS2	0.737777397021141
RASAL2	0.368055909909221
UBE2T	0.460371182626551
PPP1R12B	0.443891669639966
PTPRC_ENSG00000081237	0.903077751127226
CACNA1S	0.917527680662566
PAPPA2	0.607603514211199
RALGPS2	0.564622728651967
ANGPTL1	0.231195947839918
FAM20B	0.484980021503869
QSOX1	0.698307835359858
EDEM3	0.076778836286665
C1orf21	0.602115684870997
SWT1	0.862922844461879
IVNS1ABP	0.422252789060211
SMG7	0.704265561192434
NCF2	0.740098411144003
PDC	0.342650322239185
PLA2G4A	0.644611273962623
RGS2	0.386596053862536
RO60	0.0518391138451027
UCHL5	0.413607098139226
NR5A2	0.606916756961387
KIF21B	0.0174199148825274
TMEM9	0.659370151936895
KDM5B	0.5616260792283
KLHL12	0.583359282738379
RBBP5	0.345892691758224
KIF14	0.572917554686531
TNNT2	0.636481492398396
DDX59	0.844975566473333
CAMSAP2	0.571489761126835
RNF2	0.846374626450457
TRMT1L	0.136172777651732
CHI3L1	0.000181706124738608
PIK3C2B	0.044689400670919
DSTYK	0.0781805195901201
LGR6	1.12106465043966e-05
TMCC2	0.321426170338001
NAV1	0.939820061214795
CDC73	0.509818737206174
TIMM17A	0.00412013630665888
CRB1	0.0487908033566763
GLUL	0.512278978133096
STX6	0.21383434638518
RGS8	0.144003921875799
RNASEL	0.480972028692155
DHX9	0.00843129490436652
KIAA1614	0.0555909223968515
CEP350	0.838591018947359
NPL	0.000113470442237648
NIBAN1	0.896564722907902
LAMC1	0.824185699872307
ABL2	0.884036798388264
XPR1	0.160487257489904
RGS16	0.720681115773606
TOR1AIP1	0.0331833676604851
FAM163A	0.901123166061073
HMCN1	0.645729545271802
RGL1	0.24011479905108
REN	0.62328466741881
SOX13	0.115572208919413
ETNK2	0.64163774559977
PPFIA4	0.604332754194075
PLEKHA6	0.967791153694749
PTPN7	0.162689532836935
SYT2	0.769909739562202
ARL8A	0.82744042301458
NEK7	0.400423343092733
ASTN1	0.612048281938424
MR1	0.946070725242003
SHCBP1L	0.018478540590437
NMNAT2	0.776056780463779
ODR4	0.27608256167841
PPP1R15B	0.763441133171486
CSRP1	0.776043005213994
ADIPOR1	0.871804989914
CYB5R1	0.0665625363591887
BTG2	0.66393795522616
B3GALT2	0.248082357485672
BRINP3	0.0577796921421025
KCNT2	0.962530519450635
ZNF281	0.0605744537405657
ARPC5	0.101984952264727
AXDND1	0.0086419373944331
TDRD5	0.0192475731459205
IER5	0.295078429850631
KLHDC8A	0.181503638184014
LMOD1	0.251451397323976
TMEM183A	0.735208383416324
ADORA1	0.909107394270607
NFASC	0.638222341370306
TOR1AIP2	0.615071481448628
GPR37L1	0.0443503294476587
LRRN2	0.836099591472276
APOBEC4	0.136574094727748
PHLDA3	0.620983287271291
TMEM81	0.344937388829715
GOLT1A	0.136574094727748
RNPEP	0.501209079596346
ZBTB41	0.200335085771385
SNRPE	0.0702841931921674
RABIF	0.133820461702575
CNTN2	0.411207275952719
LEMD1	0.649416355099553
TOR3A	0.589396305635025
PRELP	0.601469214467628
CACNA1E	0.786000535494267
MDM4	0.326443489139091
IPO9	0.358191220266463
COLGALT2	0.920204810690399
BRINP2	0.393337146393703
TSEN15	0.962358373438458
SHISA4	0.85738462596402
LINC00862	0.202525497203047
C1orf53	0.0681700706365031
DENND1B	0.896448332903243
_ENSG00000214796	0.0573814662367389
_ENSG00000223774	0.923215405625889
_ENSG00000225811	0.624223746754673
_ENSG00000226330	0.490413112538656
LINC01035	0.29280227211569
_ENSG00000226640	
_ENSG00000227240	0.342650322239185
_ENSG00000227579	0.208376807679681
LINC01344	0.972490515425756
_ENSG00000229739	0.131329281087121
MIR181A1HG	0.0257147409301685
ACBD6	0.847877981069759
_ENSG00000230260	0.649717160219551
RPL34P6	0.0681700706365031
_ENSG00000231767	0.00122513239152043
IPO9-AS1	0.651373069389031
LINC01031	0.29280227211569
MROH3P	0.639591178343572
LINC01680	
SNRPGP10	0.810696872280556
_ENSG00000236792	0.810696872280556
_ENSG00000240710	
_ENSG00000241505	0.325958223795808
_ENSG00000243155	0.606462493213343
DDX59-AS1	0.18101689017169
LINC01633	0.462897534352869
_ENSG00000261831	0.136574094727748
CAMK1G	0.951231571438495
USH2A	0.308861908952956
HHAT_ENSG00000054392	0.139205004629679
PACC1	0.784027562502122
PPP2R5A	0.674100630796268
RRP15	0.64972777979207
IARS2	0.911788284549577
NUP133	0.275078628103799
NUCKS1	0.457383063584359
PLXNA2	0.416114220574015
JMJD4	0.331879305860353
KCNK2	0.561450109492905
SERTAD4_ENSG00000082497	0.897234064812077
TRAF5	0.689103806688953
TGFB2	0.236481642084764
GPATCH2	0.213626938526469
MARK1	0.0955283559525499
RHOU	0.519358854577893
CDK18	0.576772096940891
RAB29	0.480875170615656
CD46	0.724707515904553
HSD11B1	0.345296052371122
UTP25	0.152305533677017
RCOR3	0.804330934917386
NEK2	0.919573876223222
NENF	0.412872398230831
NSL1	0.666564836914484
PROX1	0.494988974540393
CENPF	0.942864538802018
MARC2	0.0634848672476688
RAB3GAP2	0.403389238192568
LPGAT1	0.948172428067627
BATF3	0.269493119016605
G0S2	0.203388526488728
SLC41A1	0.858153195593353
ABCB10	0.11276886261864
EPRS1	0.353053854669284
KCTD3	0.147994249647747
RPS6KC1	0.114974189032738
LYPLAL1	0.457741419492285
SYT14	0.912887915396608
KCNH1	0.0281672998005525
DYRK3	0.198245530917681
EIF2D	0.405245945468352
INTS7	0.246001630265168
VASH2	0.62443404830482
TAF1A	0.573745722652265
SMYD2	0.291084337631392
SUSD4	0.431343422856055
DUSP10	0.636183380400136
TP53BP2	0.665055320745061
SNAP47	0.846493289319995
SRP9	0.00662837490761034
NVL	0.0300146108940812
SDE2	0.372442843079748
DEGS1	0.861867524575646
FBXO28	0.074963535387441
ARF1	0.513575676239164
CNIH4	0.356498241289089
ITPKB	0.0217370765299191
GUK1	0.000638597209530303
CDC42BPA	0.259536298930974
CNIH3	0.0812159085611316
C1orf35	0.495242859079675
PARP1	0.00083757039371661
PSEN2	0.378543934096028
LBR	0.277547785639426
WNT9A	0.342650322239185
EPHX1	0.330407255032524
PTPN14	0.15375708541727
LINC00467	0.845533213532186
MIA3	0.567203842051846
OBSCN	0.640075969333555
TRIM11	0.604090704042664
ENAH	0.372749337749601
CCSAP	0.35058105814195
ELK4	0.322498454027392
FLVCR1	0.44070501493364
ATF3	0.434325763795605
BPNT1	0.314658600433772
SPATA17	0.319777021133582
C1orf115	0.99584844227041
BROX	0.210454090780166
PM20D1	0.489089491859393
MAPKAPK2	0.945300572037046
CAPN2	0.600474804421294
MRPL55	0.0130083197260515
WDR26	0.311012040421319
TRIM17	0.625136362550862
H3-3A	0.602051323961304
COQ8A	0.29039410963405
RAB4A	0.87400006309911
RNF187	0.023642233326977
SLC30A1	0.589356786140062
CD34	
MFSD4A	0.818089332096742
ANGEL2	0.217176280579664
_ENSG00000177788	0.150602657751612
YOD1	0.64774267285385
H2AW	0.941897840424846
ZNF678	0.938665397557886
IBA57	0.0326781567825681
ACBD3	0.290600098236883
LIN9	0.347499148376783
_ENSG00000185495	0.7574960416466
SPATA45	0.872031562771394
DNAH14	0.652701922288019
PRSS38	0.179303947260563
AIDA	0.287235150928711
MARC1	0.600271772097162
TMEM63A	0.172215056262586
CD55	0.465494587290896
ESRRG	0.705403156123826
SLC30A10	0.662592178279013
LAMB3	0.144637872852466
FAM177B	0.648476812076247
CR1L	0.871174438799953
FLVCR1-DT	0.853553566582862
GJC2	0.858590633867196
STUM	0.287260637420936
TATDN3	0.250726786715116
SERTAD4-AS1_ENSG00000203706	0.0999054347185755
MIR29B2CHG	0.487235143372047
CR1	0.638035539260901
MORF4L1P1	0.707863531392528
_ENSG00000224114	0.0918196411381505
LINC01703	0.739517934774556
RIMKLBP2	0.136574094727748
_ENSG00000226349	0.505308522423654
_ENSG00000226780	0.607371172647286
_ENSG00000227496	0.115181146670124
HSD11B1-AS1	0.487767797905241
LYPLAL1-DT	0.949617655259077
ITPKB-AS1	0.011956032100809
_ENSG00000228625	0.0999054347185755
PROX1-AS1	0.808178041316175
NUCKS1P1	0.571782519410272
_ENSG00000234915	0.482044259677803
_ENSG00000236230	0.924851971100417
_ENSG00000237074	0.369647602289817
LINC02257	0.573875416407613
_ENSG00000242861	0.891021742724539
_ENSG00000255835	0.181519859220096
IKBKE	0.378793222233101
RHEX	0.902234778098886
SRGAP2	0.844633621552537
RASSF5	0.168471719506724
GTF2IP20	0.422532081806151
RAB7B	0.873746260558732
_ENSG00000276997	0.180207791405406
_ENSG00000277007	0.342650322239185
_ENSG00000278610	0.145350524186271
SPRTN	0.11827699332087
EIPR1	0.0532424524876884
SH3YL1	0.149015816324662
ADSS2	0.755535970456745
ARID4B	0.826841227927849
OPN3	0.300630020498243
SDCCAG8_ENSG00000054282	0.162121188336291
TARBP1	0.0698619070232489
ACTN2	0.124814952131428
GPR137B	0.26709716661852
ERO1B	0.498710636412466
FH	0.901432985775631
TPO_ENSG00000115705	0.918209685830619
EXOC8	0.564752989759753
GNPAT	0.312390651778534
NID1	0.926552930533442
LGALS8	0.893333793727595
MTR	0.189564085228678
SIPA1L2	0.492607409632493
KMO	0.606916756961387
AKT3_ENSG00000117020	0.202552444177154
COLEC11	0.85866727712569
C1orf198	0.890727955960116
TRIM67	0.740098411144003
HEATR1	0.36189909084838
DESI2	0.357428124117814
PXDN	0.28188893504398
CHRM3	0.672999735966045
AGT	0.980435176990171
ZNF670-ZNF695	0.872031562771394
PCNX2	0.698236778347837
KCNK1	0.0377657497148919
URB2	0.19254750478774
EGLN1	0.754813065132391
CAPN9	0.279805476073475
COG2	0.869090884641036
NTPCR	0.124531380352157
TAF5L	0.622685320242673
C1orf131	0.423614401378356
GALNT2	0.827310623445939
TTC13	0.47094041167894
SCCPDH	0.517781449404135
LYST	0.637074079001934
MAP3K21	0.809689103098638
CEP170_ENSG00000143702	0.490382849713794
ACP1	0.342342975435084
TMEM18	0.227298859777642
ALLC	0.0335651909420408
GGPS1	0.298240596709321
HNRNPU	0.0352457418148261
AHCTF1	0.297667061178518
FMN2	0.0134656487019179
NLRP3	0.489089491859393
ZNF496	0.575948940500854
TRIM58	0.900011747894475
WDR64	0.0923206338616933
KIF26B_ENSG00000162849	0.0342506306101421
TFB2M	0.344504129480929
CNST	0.569080954807689
B3GALNT2	0.860226216950741
DISC1	0.808146549406984
GNG4	0.658141087435831
IRF2BP2	0.036295725948019
COA6	0.0408280651834054
ZNF672	0.317159140501572
ZNF692	0.685661971198223
TRAPPC12_ENSG00000171853	0.0769204192516447
RPS7	0.451867206980762
RNASEH1	0.505308522423654
SNTG2_ENSG00000172554	0.897385966864175
ARV1	0.228479418835523
TOMM20	0.547494022349972
C1orf100	0.942864538802018
EXO1	0.136574094727748
SH3BP5L	0.967463517020978
SOX11	0.268748487602895
PGBD5	0.769836277237584
CATSPERE	0.527854562545591
ZBTB18	0.653228992095884
PLD5	0.0024380928503717
GREM2	0.312250586107369
FAM89A	0.683621470698764
ADI1_ENSG00000182551	0.550051302584709
RGS7	0.0459877053120013
SLC35F3	0.136982109754656
FAM110C	0.888037476278902
PGBD2	0.808178041316175
SMYD3	0.013670505180397
EDARADD	0.14626361052656
MYT1L	0.226464240212801
ZNF669	0.807171063792446
OR14I1	0.342650322239185
OR2L13	0.409922581797683
ZNF124	0.865402612925725
RYR2	0.668072331658999
EFCAB2	0.284475785396834
COX20	0.0404701625378469
MAP10	0.179303947260563
LINC01347_ENSG00000214837	0.202774629484614
DCDC2C	0.504041301712958
KIF28P	0.625136362550862
TRAPPC12-AS1	0.0681700706365031
LINC02774	0.376351929750031
_ENSG00000227671	0.0775756975607967
LINC01341	0.624096059723033
LYPD9P	0.941897840424846
_ENSG00000229960	0.29280227211569
_ENSG00000230325	0.377796675895613
COA6-AS1	0.152627818665407
_ENSG00000231877	0.342650322239185
KIF26B-AS1	0.342650322239185
CHRM3-AS2	0.0672025881784932
RNASEH1-AS1	0.308687320267706
LINC01250	0.366795747661054
_ENSG00000235021	0.942864538802018
_ENSG00000235605	0.0789791012397195
_ENSG00000235749	0.0422607824841435
_ENSG00000236358	0.368273735350703
LINC01744	0.203466850489067
_ENSG00000236760	0.859371283083149
_ENSG00000237250	0.342650322239185
LINC01115	0.62443404830482
_ENSG00000240963	0.644375747093472
_ENSG00000244137	0.872460181173155
LYPD8	0.380541066951399
_ENSG00000259865	0.329229623523989
TSNAX-DISC1	0.807239845636816
_ENSG00000272865	2.88175588883856e-07
_ENSG00000273367	0.0999054347185755
EHD3	0.684656262947834
TTC27	0.978992235784243
SPAST	0.562569189212459
LTBP1	0.0197932302922346
PUM2	0.464074468324349
LAPTM4A	0.966516417264366
TRIB2	0.923132455038537
FOSL2	0.0810985458314435
DDX1	0.11780191214566
NCOA1	0.0231938213569109
AGBL5	0.457142755734021
EFR3B	0.343931030991084
KIF3C	0.324679288501046
RAB10	0.0566524929711386
GCKR	0.872888837020757
HADHA	0.550978858240986
MAPRE3	0.0788446559362068
CAD	0.702282403984678
NLRC4	0.730782097695247
SF3B6	0.963091495612739
DNAJC27	0.143511254144354
OTOF	0.0573814662367389
CENPA	0.430641681784399
SLC30A3	0.803754993241505
MPV17	0.267276299272802
GTF3C2	0.660023139009346
EIF2B4	0.313124686267332
NRBP1	0.0517493750011961
FNDC4	0.521858040497346
SNX17	0.927144387157427
PPM1G	0.171594533753772
CLIP4	0.000351250563835314
ID2	0.197755054344322
TAF1B	0.751344355117574
HPCAL1	0.501554328158714
ODC1	0.728453985409077
BIRC6	0.584501562460585
NOL10	0.722612463746301
HS1BP3	0.568991017960024
LDAH	0.980025124613717
WDR35	0.398211579199335
ITGB1BP1	0.273773133119212
CPSF3	0.636318069882676
SUPT7L	0.189080097639507
KLHL29	0.9869361038067
DNMT3A	0.807374835920714
TMEM214	0.296116673652886
ATAD2B	0.457969225491346
FKBP1B	0.0206048953418464
YPEL5	0.0578915155236291
FAM98A	0.0931778981491994
YIPF4	0.538534602814572
YWHAQ	0.115669044753807
KIDINS220	0.0121292074899637
GRHL1	0.638813160133419
ROCK2	0.213302290857967
RSAD2	0.633765758880087
MYCN	0.918209685830619
LPIN1	0.424668252832313
CMPK2	0.368731337428235
IAH1	0.0488735888936152
IFT172	0.103189530330759
SELENOI	0.0488371054766646
CGREF1	0.379297007429647
HADHB	0.0492563706549599
KHK	0.799225778120674
ADCY3	0.832523860415516
PREB	0.642784618067371
SLC5A6	0.305149811983237
ATRAID	0.356196770754891
CENPO	0.675393209156209
TRIM54	0.573875416407613
DTNB	0.267968060575232
MBOAT2	0.945229003103835
PDIA6	0.540641734371898
RHOB	3.11798593335292e-09
ATP6V1C2	0.623690306494899
ASXL2	0.0812866932218055
ABHD1	0.426370877539241
_ENSG00000145063	0.645091048243271
C2orf50	
RNF144A	0.447341729587332
ASAP2	0.690691303861226
ADAM17	0.373357778578784
NBAS	0.826195368626106
SLC30A6	0.339684596783629
RASGRP3	0.972160532691233
GAREM2	0.522400283630007
DPYSL5	0.126213961409799
DRC1	0.077974598829448
BABAM2	0.327994208478021
GALNT14	0.989638807127915
MEMO1	0.575355055588782
DPY30	0.584501084329272
KCNF1	0.72026358099469
SLC66A3	0.266409811751519
LRATD1	0.786167578373438
WDCP	0.869032292824817
SMC6	0.100329705266775
VSNL1	0.0101304281429756
DNAJC5G	0.342650322239185
UCN	0.375882764813451
ZNF513	0.947335557826989
SLC4A1AP	0.272369383922103
PLB1	0.974823842788606
SPDYA	0.820470608670729
WDR43	0.517976662754675
NTSR2	0.613602166588237
E2F6	0.0504410011251022
KCNS3	0.874175028001645
ALK	0.360397859209316
TRMT61B	0.230247871073475
RBKS	0.510618930243376
KCNK3	0.307327488163195
KLF11	0.898900525755339
LCLAT1	0.155001043328634
ADGRF3	0.938664229601357
UBXN2A	0.389033057136353
GEN1	0.0164139816275626
TTC32	0.138476123131396
PTRHD1	0.308401695615357
TOGARAM2	0.878630054253053
GREB1	0.366228121414287
FAM49A	0.0193653112295758
ITSN2	0.708552320676464
GPN1	0.837030907715222
MAPRE3-AS1	0.29280227211569
MFSD2B	0.859566467437791
CYS1	0.828232643595034
LBH	0.327674544171438
PPP1CB	0.991838015172631
CAPN14	0.505308522423654
RAD51AP2	0.342650322239185
FAM228B	0.583836880315946
DNAJC27-AS1	0.778464690991285
MIR3681HG	0.829556709182312
DTNB-AS1	0.504674702391583
_ENSG00000225649	0.327869273165003
NRIR	0.368273735350703
_ENSG00000226764	0.29280227211569
_ENSG00000226833	0.0550029953349113
RNF144A-AS1	0.917527680662566
OST4	0.291414932742094
SUCLA2P3	0.529329763561741
_ENSG00000229727	
_ENSG00000230286	0.00528956158548612
LINC00276	0.285112492310854
LINC00486	1.55643848538515e-09
_ENSG00000230952	0.62443404830482
LINC01804	0.218542925246428
SILC1	0.149260867454756
_ENSG00000232451	0.00262051873138554
_ENSG00000233005	0.884675327256023
_ENSG00000233862	0.152627820917283
_ENSG00000234072	0.169820758450638
_ENSG00000235411	0.942864538802018
LINC00298	0.327760930915623
LINC01376	0.14712340198726
LINC00299	0.0555371979614778
_ENSG00000237133	0.24749412322599
_ENSG00000239300	0.874603832395482
RDH14	0.501861168911248
_ENSG00000242628	0.345296052371122
MRPL33	0.138362673476318
TRMT112P6	0.054795633387794
_ENSG00000269973	0.870745933477468
_ENSG00000271855	0.144637872852466
_ENSG00000271947	0.29280227211569
_ENSG00000272754	0.136574094727748
_ENSG00000276087	0.85741991625396
_ENSG00000279307	0.62443404830482
BIRC6-AS2	0.25997001374403
NDUFAF7	0.520751085503796
HEATR5B	0.641258775963174
CEP68	0.802284270478585
MAP4K3	0.577284586268408
MDH1	0.042566498563073
VRK2	0.967639566549977
EIF2AK2	0.301447196108375
MTA3	0.82463650091129
TTC7A	0.011506782180558
STON1-GTF2A1L	0.871602981939122
SRBD1	0.71053057357457
PSME4	0.531955700007992
ERLEC1	0.313240513890667
XPO1	0.411236949234669
MTIF2	0.0824697874225207
MSH2	0.896075166547696
ASB3	0.411596268839667
SPTBN1	0.581593474886115
RTN4	0.00233605003221076
CCDC88A	0.420294935152175
EFEMP1	0.265741733775748
FANCL	0.661098573159597
PAPOLG	0.513025514335317
USP34	0.557616032470322
CCT4	0.983599516778343
EHBP1	0.434749800071469
STRN	0.648464267980318
CEBPZ	0.0420807738903572
PRKD3	0.48500216854572
QPCT	0.873746260558732
RMDN2	0.595850558450282
SRSF7	0.560714712373357
SLC1A4	0.320143931296522
SOS1	0.213940090419498
COX7A2L	0.285095375536826
THADA	0.730997634400681
EPAS1	0.490196607850312
MSH6	0.741978259542252
RHOQ	0.115796614967888
ATL2	0.465479213873471
AFTPH	0.289315962075595
LGALSL	0.495863898161629
BCL11A	0.0247411862366163
CRIPT	0.999439790664379
EPCAM	0.31886945921481
PPM1B	0.514113027776492
PNPT1	0.979365694378375
DYNC2LI1	0.591267107299859
THUMPD2	0.637012292590533
CYP1B1	0.39352524397628
RAB1A	0.923746358878606
ACTR2	0.577220582018641
ABCG5	0.917527680662566
PREPL	0.0915853742982007
SLC3A1	0.394252782003494
FBXO11	0.295201262276268
LRPPRC	0.826419156799607
HNRNPLL	0.455584461763179
GALM	0.52505043211593
CAMKMT	0.842936246624896
ABCG8	0.342650322239185
EML4	0.153483410412079
CALM2	0.00080918831026844
CHAC2	0.625720212127162
RPS27A	8.00325511355258e-09
WDPCP	0.596621408755291
VPS54	0.155761839789275
CRIM1_ENSG00000150938	0.478519359984055
PIGF	0.290007515173843
GPATCH11	0.123684997288962
GEMIN6	0.650469285063177
TMEM178A	0.493155681176386
ZFP36L2	0.000454547305907135
PLEKHH2	0.204146592806236
PPP1R21	0.499852142471242
PKDCC	0.649186064542581
HAAO	0.645613131120659
REL	0.640013715729355
PUS10	0.410251520339962
PEX13	0.349028809926085
KIAA1841	0.355517039845436
CLHC1	0.842421168797612
CFAP36	0.298854674331055
CDC42EP3	0.518009790981326
DHX57	0.381882096363202
UGP2	0.817686974064174
FAM161A	0.0939637192314018
B3GNT2	0.496655566645404
ACYP2	0.579041141535465
FOXN2	0.353392534668229
FSHR	0.185869308625696
FEZ2	0.51238463704652
KCNG3	0.626532970601081
PRKCE	0.428046531712615
SOCS5	0.956606435209388
_ENSG00000172974	0.269865965127032
COMMD1	0.424361880985559
AHSA2P	0.000245973916587714
C2orf73	0.593773318183964
SERTAD2	0.0175305198445088
NRXN1	2.35281032567534e-05
MCFD2	0.0858113375008046
SLC8A1	0.007657326399568
KCNK12	0.203235919259751
TMEM17	0.606916756961387
MORN2	0.0130588348684671
PELI1	0.414960007732023
CDKL4	0.90056743260908
VIT	0.505308522423654
_ENSG00000212978	0.460371182626551
RPLP0P6	0.68873780534296
EML6	0.684867515679312
ARHGEF33	0.460371182626551
CEBPZOS	0.94473433656482
LINC01793	0.898900525755339
LGALSL-DT	0.389257306150184
EML4-AS1	0.625136362550862
_ENSG00000225889	0.685812423713288
_ENSG00000226605	0.683621470698764
_ENSG00000226622	0.0923206338616933
MIR217HG	0.574399207174012
_ENSG00000226994	0.908951787029703
SLC8A1-AS1	0.323369777791669
_ENSG00000228033	0.245623454197816
_ENSG00000228108	0.77551217647325
LINC01185	0.667047554421883
_ENSG00000228925	0.144849664408153
_ENSG00000229839	0.260891377884704
_ENSG00000230773	0.651824392774801
_ENSG00000231043	0.0324927703912449
MAP4K3-DT	0.739568772307095
LINC02613	0.27934391011385
_ENSG00000231609	0.0473458835475549
_ENSG00000231848	0.297495291061642
_ENSG00000231918	0.902076508189643
LINC02576	0.639928962872439
CYP1B1-AS1	0.812174122356188
EIF3FP3	0.316979681126632
LINC01122	0.348533746149597
_ENSG00000234488	0.0512960981338737
EPCAM-DT	0.512593098026897
RMDN2-AS1	0.449702188840699
_ENSG00000236498	0.626126534592971
BCYRN1	7.74601565705112e-06
_ENSG00000238018	0.899456112186753
LINC01119	0.574923224124175
STPG4	0.0332270351684711
_ENSG00000240401	0.482438543762702
_ENSG00000250116	0.135705092541407
ATP6V1E2	0.0776026969368535
CRIM1-DT_ENSG00000260025	0.113646707744456
_ENSG00000270820	0.962852380223026
_ENSG00000271955	0.489089491859393
_ENSG00000272663	0.899456112186753
PPP4R3B	0.335767278912336
_ENSG00000279519	0.268467544701859
CYP26B1	0.272984946214282
GCFC2	0.779836549084564
WDR54	0.492424044798613
TMSB10	5.69341956759437e-14
FAM136A	0.647554687058203
RETSAT	0.742252266694039
MXD1	0.815081854011424
MTHFD2	0.504674702391583
CTNNA2	0.0240400363540976
REEP1	0.258036760198928
POLR1A	0.673420245561457
ZNF638	0.566837333663865
ADD2	0.730688581999776
GMCL1	0.24209000340938
DGUOK	0.773666557840649
MOB1A	0.056860453428851
RTKN	0.299197618552118
MOGS	0.0725112529180746
TTC31	0.197627913987822
PCGF1	0.638424299985067
AUP1	0.00959376106973029
HTRA2	0.805903163444535
LOXL3	0.828306310818475
POLE4	0.0217927377351858
TACR1	0.807674512721039
EVA1A	0.213970947912071
MRPL19	0.596675859778323
DNAH6	0.19445376524659
ELMOD3	0.354693529837332
GGCX	0.726173658123978
ST3GAL5	0.96153019367677
KDM3A	0.171272548740508
CHMP3	0.229651663192881
PNO1	0.777147397010659
AAK1	0.48073477160626
C2orf42	0.840074787956824
PCYOX1	0.707359393934496
ALMS1	0.79031831493415
VAMP8	0.169535253277696
CNRIP1	0.83615626732507
STAMBP	0.394941512072847
NAGK	0.924146933868342
MCEE	0.809556446371335
PAIP2B	0.464810141757564
SNRNP27	0.950877338803013
MPHOSPH10	0.720548498316203
PTCD3	0.57019571798579
IMMT	0.0694234672019374
MRPL35	0.516316133004097
PRADC1	0.120278851288254
SEMA4F	0.0779779244394435
CCT7	0.0567153961027737
EGR4	0.637646878050598
RAB11FIP5	0.281656921312963
SMYD5	0.645085376985176
DYSF	0.534418431357923
CCDC142	0.681732406021947
EMX1	0.396804347354262
ETAA1	0.378003058321739
SNRPG	0.713864368735087
MEIS1	0.302390063806406
TPRKB	0.79244871182153
EXOC6B	0.116508785109404
SFXN5	0.183675371181144
DUSP11	0.0871838076629033
THNSL2	0.631539475125822
TCF7L1	0.426147320189882
TGOLN2	0.842714490276268
RMND5A	0.487625181294264
CD8A	0.916845736177739
RPIA	0.875413561185329
_ENSG00000159239	0.884195188280769
M1AP	0.31760878928196
HK2	0.0107191827549656
LRRTM1	0.882755027222284
FBXO41	0.0644036108217422
ALMS1P1	0.59798190418419
BOLA3	0.351557992710119
ARHGAP25	0.181034032991269
TGFA	0.392177909068904
SUCLG1	0.13857327340559
ATOH8	0.730029569118654
USP39	0.0527186198983812
C2orf68	0.650239556812326
TMEM150A	0.12574014652586
RNF181	0.719501449518639
VAMP5	0.616849650377727
MAT2A	0.0998114233765946
PCBP1	0.103998428459343
NFU1	0.990289113817629
ANTXR1	0.153631241365172
APLF	0.556102865795744
EIF2AK3	0.602252412796215
KRCC1	0.228625124136011
LRRTM4	0.368681383626656
KCMF1	0.924747917860865
PCBP1-AS1	0.0588410632615626
PLGLB1	0.348346691334851
RGPD2	0.941897840424846
TRABD2A	0.883715091834213
TET3	0.331133769723061
RGPD1	0.625314003305536
ANXA4	0.924937406747882
C1D	0.00654548245867204
SPRED2	0.66362063771508
GFPT1	0.251776235014914
_ENSG00000204745	0.918209685830619
DCTN1	0.872460181173155
FBXO48	0.808178041316175
_ENSG00000204929	0.394299366576764
CYTOR	0.0999054347185755
_ENSG00000224731	0.0837607443609661
_ENSG00000224879	0.29280227211569
BOLA3-AS1	0.505308522423654
_ENSG00000228363	0.154851257867419
ANKRD36BP2	0.901123166061073
_ENSG00000231024	0.392177909068904
_ENSG00000231172	0.57335185203678
_ENSG00000231259	0.0326662616776274
LINC01798	0.0175575237041212
RPS20P10	0.015127618327468
_ENSG00000234231	0.62443404830482
_ENSG00000234255	0.857029746603027
LRRTM4-AS1	0.269865965127032
_ENSG00000235725	0.532864277957592
LINC01828	0.902234778098886
LINC01829	0.489089491859393
_ENSG00000237031	0.829478071355417
_ENSG00000237077	0.644394791165959
DCTN1-AS1	0.488208148287479
DGUOK-AS1	0.650142951289472
WDR92	0.644375747093472
RNF103-CHMP3	8.56319447550806e-06
_ENSG00000258881	0.0514201779645257
_ENSG00000264324	0.940409632581044
_ENSG00000270571	0.219407355593487
_ENSG00000272702	0.369647602289817
_ENSG00000273064	0.797721612362592
_ENSG00000273398	0.919573876223222
INPP4A	0.524939996506493
NCK2	0.826371851596454
MAP4K4	0.407000144656591
MGAT4A	0.354104718359865
RPL31	0.031518855900718
TMEM131	0.0389160656223212
STARD7	0.387688545876408
KANSL3	0.310080279020503
LMAN2L	0.109505078821235
TTL	0.816606008836509
KCNIP3	0.41370028715334
FAHD2A	0.0598521674374849
ACTR1B	0.346737457591245
UNC50	0.521462494563594
TXNDC9	0.774246417439841
CHST10	0.0165653042737326
PDCL3	0.637294531644262
IL1R1	0.873746260558732
IL1RL2	0.1181338038289
IL18R1	0.136574094727748
SLC9A2	0.482313671787063
FHL2	0.643509268957797
UXS1	0.187062186876569
ECRG4	0.179303947260563
CHCHD5	0.507171196443305
POLR1B	0.021517519791582
COX5B	4.49437692265486e-13
REV1	0.119131434937058
TSGA10	0.740534312641004
MFSD9	0.0351495450235954
TMEM127	0.63597697159146
TGFBRAP1	0.965988782532335
GCC2	0.0117636271425431
MRPS9	0.372099007757629
C2orf49	0.499104715846496
ANKRD36	0.0577327481180958
LSP1P4	0.688802725723974
CIAO1	0.812654986459364
ZNF514	0.48177677055673
SNRNP200	0.77620317941638
MRPS5	0.26330656626167
ST6GAL2	0.0208247647331713
NPHP1	0.944123950847899
SLC20A1	0.594171561181167
FBLN7	0.822221467516453
ZC3H8	0.0808006662086233
FAHD2B	0.514469397771411
LYG1	0.624907908229873
AFF3	0.348586640846321
ACOXL	0.450000235995132
BCL2L11	0.504674702391583
ANAPC1	0.853761351669764
RGPD3	0.136574094727748
RANBP2	0.000245243842171638
MERTK	0.123639670769207
TMEM87B	0.871790653409238
DUSP2	0.941897840424846
CNNM4	0.847302974506671
MITD1	0.176069708075926
EIF5B	0.0241177012808259
CNOT11	0.0953957604014989
CCDC138	0.926257643471041
ANKRD23	0.792996549744525
RNF149	0.569244618026118
VWA3B	0.129215624202069
FAM178B	0.947335557826989
SEMA4C	0.496424325288531
CNNM3	0.647765824222455
RGPD8	0.572917554686531
LIMS1	0.872215194090653
TMEM182	0.345654953589252
NPAS2	0.763911122984107
LONRF2	0.597983164083669
MAL	0.484632570167686
MIR4435-2HG	0.647291513326566
SH3RF3	0.067831957043823
ANKRD36C	0.00874879856199462
MTLN	0.466924998752881
LINC01106	0.649236573911394
CREG2	0.117846247899191
COA5	0.748761791993394
LYG2	
SEPTIN10	0.522889167924296
ZC3H6	0.357324737953637
ASTL	0.136574094727748
RFX8	0.394199961359589
ARID5A	0.00413396606650343
RGPD4	0.504041301712958
KIAA1211L	0.00806990064863964
ANKRD36B	0.00856548965485822
LINC01123	0.607371172647286
TBC1D8	0.420357502402758
STARD7-AS1	0.670722438213239
GCC2-AS1	0.153025163288186
MRPS9-AS2	0.653320006540004
LINC01886	
_ENSG00000227294	0.342650322239185
C2orf92	0.336784943520416
ANKRD20A8P	0.739517934774556
_ENSG00000229689	0.269056455381149
_ENSG00000230606	0.00346902435942076
FAHD2CP	0.520455433581115
LINC00342	0.511518026201322
_ENSG00000233339	0.942864538802018
PANTR1	0.0594476824897162
_ENSG00000233757	0.975607452316871
LINC01114	0.0386003308642268
LINC01103	0.394199961359589
_ENSG00000235522	0.62443404830482
LINC01102	0.555455855855919
_ENSG00000237753	0.0113258854364192
LINC01885	0.218830796410528
_ENSG00000238273	0.136574094727748
_ENSG00000241962	0.59532693386528
_ENSG00000243389	0.573421235142921
FER1L5	0.18474508877403
LINC01965	0.734372176707968
_ENSG00000257207	0.0351495450235954
_ENSG00000259848	0.505308522423654
_ENSG00000269707	0.237281722899419
_ENSG00000272994	0.929026047917355
ZNF2	0.0715245338453733
LINC01796	0.0221746300802449
_ENSG00000278131	0.0573814662367389
_ENSG00000278766	0.343438483451819
_ENSG00000280878	0.0780931516889751
R3HDM1	0.0191565799714185
PTPN18	0.720727429246434
LIMS2	0.488208148287479
GLI2	0.256385784891921
CLASP1	0.633231692766684
ARHGAP15	0.122235659290764
MCM6	0.268114637692248
SCTR	
CCNT2	0.307125757009206
PTPN4	0.598654191093839
DDX18	0.000540225928669283
SLC35F5	0.403585483732757
ACTR3	0.954937299379009
EPB41L5	0.0375272736683127
TFCP2L1	0.0319118657343829
PLEKHB2	0.0160814989805591
RAB3GAP1	0.547413684948251
DARS1	0.182980565888726
KYNU	0.739517934774556
GTDC1	0.674084023449149
ZRANB3	0.0821744216537004
INSIG2	0.812799896344842
HTR5BP	0.505308522423654
CCDC93	0.456183646412403
PSD4	0.858200359979332
ARHGEF4	0.618527924060884
CBWD2	0.0905077420413869
SMPD4	0.689457677282958
WDR33	0.0221460257456798
CCDC115	0.297591258041667
SAP130	0.734701332424002
BIN1	0.365747928891272
IMP4	0.428487828384884
HS6ST1	0.42057007088257
UGGT1	0.0552303806979636
RALB	0.636652594427093
C1QL2	0.288230733662434
TMEM177	0.844896792856215
RABL2A	0.844922250051502
UBXN4	0.498248024816171
NXPH2	0.941897840424846
SPOPL	0.728292248769839
THSD7B	0.0108761155540729
GPR17	0.269493119016605
POLR2D	0.165435658537968
AMMECR1L	0.750498758906093
WASH2P	0.106943068600367
HNMT	0.339424889962186
LYPD1	0.862196154214227
CCDC74B	0.901123166061073
MZT2B	0.405184707107105
FAM168B	0.0630194940731302
_ENSG00000152117	0.525761993184752
MGAT5	0.0338026280251573
TMEM163	0.707261540127764
ACMSD	0.625136362550862
CNTNAP5	0.362038434296995
DBI	0.0987634124041084
NIFK	0.311250840079719
CCDC74A	0.30642314015436
ANKRD30BL	0.810695971774765
CFAP221	0.847487500581068
INHBB	0.237937835179374
ERCC3	0.815135813375101
IWS1	0.205186997347176
LRP1B	1.18195748240099e-08
ZEB2	0.593905636525751
MAP3K2	0.588958114575007
MZT2A	0.43056752026829
DPP10	0.717836177826603
MAP3K19	0.218939269970003
NCKAP5	0.0262133630367795
FAR2P2	0.383577103038195
AMER3	0.394889740760668
GPR39	0.355192676810372
C2orf76	0.0318048432502492
CYP27C1	0.857316323613506
PAX8-AS1	0.513159601668085
C2orf27A	0.0923206338616933
POTEKP	0.607371172647286
TSN	0.661706202570484
CCNT2-AS1	0.0428566369905083
_ENSG00000224789	0.65152318876862
RAB6C-AS1	0.269493119016605
TEX41	0.377299009055439
THORLNC	0.505308522423654
_ENSG00000226939	0.0999054347185755
NCKAP5-AS2	0.270236917774789
_ENSG00000227745	0.517082580663959
_ENSG00000228043	0.616823451685187
_ENSG00000228400	
_ENSG00000228857	0.48953048482304
DPP10-AS3	0.161949738530935
_ENSG00000231731	0.202741003962275
_ENSG00000232377	0.505308522423654
DPP10-AS1	0.0754072388896567
_ENSG00000235066	0.428008437086373
_ENSG00000235615	0.342650322239185
_ENSG00000236255	0.218542925246428
LINC01945	0.179303947260563
MAP3K2-DT	0.632854843275752
NIFK-AS1	0.151941933126052
_ENSG00000238207	0.29280227211569
FAR2P3	0.806164405735082
RPL23AP7	0.942864538802018
_ENSG00000241772	0.941897840424846
_ENSG00000257277	0.29280227211569
_ENSG00000260163	0.625136362550862
_ENSG00000265451	0.268585263028295
_ENSG00000272769	0.740679035564108
_ENSG00000279267	0.229338674729037
UPP2	0.0173616024160331
AGPS	0.0512307602567747
MYO3B	0.889437177721444
CYBRD1	0.924746839693833
DYNC1I2	0.0101023443704809
FAP	0.257148685563771
FKBP7	0.954420090431221
OSBPL6	0.967331605529736
RIF1	0.00110971581910173
LRP2	0.0442134396638723
COBLL1	0.642038250610805
ITGA6	0.638179612725996
RAPGEF4	0.0732721097550193
MAP3K20	0.365289652154674
STAM2	0.145643039697418
GPD2	0.579881821651273
ACVR1	0.214725338437472
TANC1	0.0406903879651662
ITGB6	0.942864538802018
ITGA4	
PSMD14	0.431796576536486
IFIH1	0.032717103234015
GCA	0.975380538866101
GRB14	0.222602088680975
GALNT3	0.047413686287206
GORASP2	0.833021372857969
DCAF17	0.137448288415928
SLC25A12	0.895159517766286
DLX2	0.941897840424846
WIPF1	0.877749716066092
ORC4	0.156522786274657
RND3	0.841256260254733
ATF2	0.66831625455994
NFE2L2	0.723780702975374
PLEKHA3	0.527814558668558
ACVR2A	0.274015026334626
METTL8	0.327340557434101
TTC21B	0.679799695447746
TNFAIP6	0.22757550450476
ACVR1C	0.816710199933752
BAZ2B	0.952094007181231
MTX2	0.277075495369936
PDE11A	0.392514480229007
CHN1	0.00339175977486047
GAD1	0.0139115718420515
EIF2S2P4	0.0931267863518851
HAT1	0.778772969569306
EPC2	0.956359444519166
SCN2A	0.846316771628035
TBR1	0.505308522423654
MARCHF7	0.821842239265384
ERMN	0.139309298869282
SCN7A	
TANK	0.697925991913705
METTL5	0.566816873774545
SSB	0.68757465788442
PPIG	0.270276061743656
FASTKD1	0.240394698143819
OLA1	0.492536355104761
CIR1	0.101122051553137
ITPRID2	0.864751195099515
GALNT13	0.184251428090875
PKP4	0.932033302801003
SCN1A	0.975087990106094
SLC4A10	0.531773239773556
SCRN3	0.971742667206328
LNPK	0.287596453026422
ZNF385B	0.306933707511692
CDCA7	0.368273735350703
DLX1	0.48953048482304
UBR3	0.954684564607778
LYPD6B	0.0246629951758207
PPP1R1C	0.229791249489284
SPC25_ENSG00000152253	0.144849664408153
PDK1	0.303229173766026
NR4A2	0.0722728749805572
CCDC148	0.0664194704790483
PLA2R1	0.637755148722341
RBMS1	0.123353029534776
SCN3A	0.688862847991353
CCDC173	0.431591215485816
ATP5MC3	0.0575054955108433
RBM45	0.711566458940734
TTN	0.75906749726084
FMNL2	0.797873451330962
LINC01931	0.0126160792998743
ARL5A	0.632930577322369
KCNJ3	0.613499255611144
NOSTRIN_ENSG00000163072	0.918209685830619
XIRP2	0.0979006362637387
GPR155	0.856000571682237
DAPL1	0.134861791901744
LINC01116	0.29280227211569
CCDC141	0.134861791901744
CWC22	0.476267476835378
KIF5C_ENSG00000168280	0.44399494161725
MMADHC	0.993690166395461
SCN9A	0.328411902232019
SLC38A11	0.606462493213343
UBE2E3	0.306056433563224
HNRNPA3	0.807512257419166
CERS6	0.905894056605179
B3GALT1	0.651179442208785
SP3	0.462077871276666
METAP1D	0.740658862540847
ARL6IP6	0.314675397469553
CSRNP3	0.812058953284046
PRKRA	0.315603958942008
FIGN	0.0709531921968053
CACNB4	0.64012590502187
NEB	0.609604850671969
KCNH7	0.519917641619831
RBM43	0.228238695200565
LYPD6	0.0932636155899457
SESTD1	0.529070461682323
CERKL	0.918891751183636
WDSUB1	0.998688644342597
PRPF40A	0.15478600940002
TTC30A	0.609190351942015
DPP4	0.62443404830482
TLK1	0.141420862268165
STK39	0.389309206437773
PJVK	0.350000919940075
ERICH2	0.689103806688953
PKP4-AS1	0.368731337428235
MBD5	0.0822222263311759
KLHL23	0.107956082637017
_ENSG00000213981	0.93605166528933
_ENSG00000218175	0.0737053044909372
_ENSG00000222031	0.62443404830482
CHROMR	0.637139850220053
TTC21B-AS1	0.136574094727748
_ENSG00000225205	0.573331567760901
_ENSG00000225214	0.342650322239185
_ENSG00000225258	0.838208873992163
_ENSG00000226121	0.203388526488728
_ENSG00000226266	0.801336330384786
FTH1P20	0.379042611385541
_ENSG00000227400	0.51399809871837
CCDC148-AS1	0.488208148287479
ATP5F1AP2	0.572305403327207
RAPGEF4-AS1	
_ENSG00000228222	0.870690430940923
TXNP5	0.136574094727748
_ENSG00000229066	0.219696043786173
_ENSG00000229195	0.179303947260563
_ENSG00000229337	0.961698918012454
FAM133DP	0.30154567041245
LINC01818	
KIF5C-AS1	0.000170953413443967
MYO3B-AS1	0.917527680662566
MMADHC-DT	0.889927091647073
_ENSG00000232555	0.79623579396715
_ENSG00000233762	9.37611047864841e-08
_ENSG00000234350	0.870140391676367
_ENSG00000234584	0.0999054347185755
LINC01934	0.643006140256606
B3GALT1-AS1	0.963091495739003
_ENSG00000235724	0.137620683580739
SCN1A-AS1	0.878438646013932
_ENSG00000236283	0.650469285063177
_ENSG00000236449	0.314141873615698
_ENSG00000236501	0.216952653229181
TTN-AS1	0.158286707239197
KCNH7-AS1	0.918891751183636
_ENSG00000237844	0.383437180019769
MAP3K20-AS1	0.00286288657066351
_ENSG00000239467	0.392177909068904
_ENSG00000277998	0.926500675567142
SCHLAP1	0.0542164849281481
ALS2	0.596786157083506
CASP10	0.14442631867264
CFLAR	0.399431637236528
TFPI	0.571782519410272
CLK1	0.388692175236549
CPS1	0.626532970601081
NDUFS1	0.105666270492996
IKZF2	0.953881566846226
NOP58	0.0721975049681432
NCKAP1	0.104613758249074
CASP8	0.537811560902278
PMS1	0.769536251259568
CALCRL	0.519842653125033
ANKRD44	0.0843402571314531
ZC3H15	8.04897661042576e-05
DNAJC10	0.517240752350353
MAP2	0.616317505772527
STK17B	0.482299538982423
MPP4	0.368731337428235
STRADB	0.918560544405369
BZW1	0.848204171621306
INO80D	0.000546232195189042
EEF1B2	0.019951873626825
ADAM23	0.718262593100232
PIKFYVE	0.107038604458481
PDE1A	0.00441072857831792
ACADL	0.248433188820017
LANCL1	0.81617767417371
WDR75	0.278581082919785
FN1	0.0277127530062364
STAT1	0.0168467122287508
GLS	0.683992129848798
COQ10B	0.0728027242363932
SF3B1	0.925808152027339
MOB4	0.351358375714477
PLCL1	0.822123103486877
ORC2	0.535513164797005
TRAK2	0.146913530267472
SUMO1	0.479405865364216
PARD3B	0.001826545884901
FASTKD2	0.630355294072049
NRP2	0.483249608331993
CREB1	0.0335140999601327
KLF7	0.00337094473561741
DNAH7	0.0149885655499005
CYP20A1	0.928840417975659
NDUFB3	0.00530243525088849
GTF3C3	0.421135800789833
SATB2	0.0566067872325739
MYO1B	0.571862811642775
OSGEPL1	0.190289365117629
ORMDL1	0.315170559528415
ATIC	0.575200068621468
BARD1	0.988296237417632
STAT4	0.0582331319051718
CARF	0.121792899445252
ASNSD1	0.181139551512747
NAB1	0.912358402293038
CDK15	0.504041301712958
MDH1B	0.314155921470873
HECW2	0.159220170703245
IDH1	0.393333119025857
FAM117B	0.798095839636621
WDR12	0.703922286362188
ABI2	0.718915057809805
ITGAV	0.758861243547161
SLC40A1	0.521416904152709
TMEFF2	0.900640839104166
GULP1	0.00158704127322358
FAM171B	0.660188464583554
HSPD1	0.280788978145886
CCDC150	0.077974598829448
METTL21A	0.831046526033351
UNC80	0.923743026883022
PTH2R	0.129417001808182
CPO	0.626126534592971
NBEAL1	0.412499319597376
KANSL1L	0.327771381620812
SPAG16	0.136636180246589
ABCA12	0.645746562181432
ANKAR	0.0650044374358388
INPP1	0.841959953472674
MFSD6	0.63925040847698
KCTD18	0.537083552055888
FAM126B	0.260359755992569
FLACC1	0.848087643550951
C2CD6	0.048127203547528
TMEM237	0.950580007159428
RFTN2	0.355302965424231
TYW5	0.149258879309411
MAIP1	0.515043719556929
FRZB	0.638035539260901
DUSP19	0.202774629484614
NUP35	0.824671220201783
CCNYL1	0.210175636303909
SGO2	0.870938421950839
ICA1L	0.410114775467304
ZNF804A	0.219787983138462
RAPH1	0.505403641988816
NABP1	0.203604701578834
VWC2L	0.0765267859304688
CACYBPP2	0.855065664837112
C2orf69	0.570089418957766
PLEKHM3	0.746082718422768
ERBB4	2.66202305376155e-15
KIAA2012	0.975157193323995
_ENSG00000183308	0.882704038022586
GPR1	0.0423267713008955
C2orf88	0.90964053569665
C2orf80	0.790538725782721
FSIP2	0.00763670183212558
SPATS2L	0.35555101935758
NIF3L1	0.326938261392782
SLC39A10	0.811368755309829
PGAP1	0.598759583120057
_ENSG00000197585	0.260646142377182
RPE	0.927775396709377
HIBCH	0.0351706195296177
ZDBF2	0.93797848400342
BMPR2	0.884298729600473
COL5A2	0.684480153807863
_ENSG00000222017	0.172215801033619
_ENSG00000223523	0.342650322239185
_ENSG00000223725	0.560850591058837
_ENSG00000224063	0.520249791458091
_ENSG00000224342	0.887557044472563
_ENSG00000224643	0.941897840424846
_ENSG00000225421	0.62443404830482
LINC01821	0.344937388829715
_ENSG00000225610	0.487327661942389
SATB2-AS1	0.317923650062839
FTCDNL1	0.972445105888838
CFLAR-AS1	0.368273735350703
FSIP2-AS2	0.690550660942689
_ENSG00000227227	0.411794442619773
_ENSG00000227769	0.84376699652664
_ENSG00000228509	0.941897840424846
KANSL1L-AS1	0.103865799767099
SNHG31	0.00182922083083099
_ENSG00000229321	0.179303947260563
BZW1-AS1	0.426424380641292
_ENSG00000231557	0.368273735350703
FSIP2-AS1	0.207532174850901
LINC01090	0.0922775814898042
_ENSG00000231955	0.0386750408593437
_ENSG00000232732	0.608280459267516
_ENSG00000233654	0.989949080713927
CAVIN2-AS1	0.117990750350513
_ENSG00000234172	0.29280227211569
LANCL1-AS1	0.465058364575853
LINC01923	0.505308522423654
LINC01473	0.0283376442673505
LINC01877	0.883715091834213
PPIL3	0.50982553344135
OSGEPL1-AS1	0.395846344840669
HSPE1-MOB4	0.114394629650066
_ENSG00000272211	0.265827863406875
_ENSG00000272807	0.313051904755532
_ENSG00000273118	0.946990262161523
GPR1-AS	0.898900525755339
SLC11A1	0.625720212127162
CUL3	0.148524371710703
PTPRN	0.333052938280432
ASB1	0.50452774960016
NGEF	0.936316641792969
SP100	0.00553312137045991
HDAC4	0.000109977856686467
ASIC4	
SPEG	0.395080309755804
BCS1L	0.49550281135162
DGKD_ENSG00000077044	0.0254369129680578
XRCC5	0.371121494979188
SP140	0.623299903017901
TNS1	0.616408864224467
COL4A4	0.652464256203409
WDFY1	0.0070882172797669
ATG16L1_ENSG00000085978	0.630358972216538
USP40	0.996018378284201
SLC4A3	0.748192110530714
NCL	7.36963614677825e-05
PECR	0.158055594588143
IGFBP2	0.172433703949439
IGFBP5	0.351594712246446
EFHD1	0.565884607541563
PLCD4	0.431269360552711
ZNF142	0.101472052858076
CNPPD1	0.20100073646907
STK16	0.483931960652194
EPHA4	0.58793611655131
FARSB	0.493266949728021
MREG	0.818971630151971
DAW1	0.29280227211569
ACSL3	0.374341612812386
CHPF	0.499082032632162
DNPEP	0.460641015866253
INHA	0.30642314015436
MOGAT1	0.99226770821843
OBSL1	0.962381543565779
LRRFIP1	0.0184872145328163
TUBA4A	0.143429999039461
VIL1	0.0351495450235954
AAMP	0.129377346574841
PNKD	0.112991090110915
SH3BP4	0.783685916067963
SAG_ENSG00000130561	0.179303947260563
IQCA1	0.759070574413833
ILKAP	0.0799992352291878
PER2	0.322542157242841
RAMP1	0.00257228461642534
SP110	0.248737888787948
MRPL44	0.890775366562165
DOCK10	0.557623541743006
TTLL4	0.108405202207051
USP37	0.0624465824860599
ITM2C	0.0268081847975839
SLC19A3	0.042459010450716
SERPINE2	0.0612775448661884
DNAJB2	0.455272311790424
TMBIM1	0.669617716463343
CYP27A1	0.681673122802139
EIF4E2	0.60979723830594
ARMC9	0.387010827330116
CAB39	0.52779500348317
SMARCAL1	0.473065837795134
NYAP2	0.543165386090644
RHBDD1	0.625928719495511
ACKR3	0.499873943794116
TRPM8	0.368731337428235
HES6	0.0484885746501553
COPS7B	0.933620072376015
DIS3L2	0.154356634894217
RETREG2	0.940667240099341
CTDSP1	0.72960217916115
CNOT9	0.0209757692256113
MARCHF4	0.848742547524694
STK11IP	0.0453989740182213
GMPPA	0.211216596383432
KCNE4	0.323708307331908
AP1S3	0.289303251383955
SPHKAP	0.0468038260616472
PID1	0.315496959729826
TRIP12	0.474925385878151
FBXO36	0.595374071683799
B3GNT7	0.942864538802018
PDE6D	0.218386639020654
AGAP1	0.236914796394996
ZFAND2B	0.886959914028204
SLC16A14	0.0441197587967914
SGPP2	0.460371182626551
NPPC	0.218542925246428
COL6A3	0.807171063792446
TMEM169	0.899456112186753
ARPC2	0.285506015219372
RNF25	0.57715147531312
STK36	0.89707029125732
ANKZF1	0.154783210546048
INPP5D_ENSG00000168918	0.84679690318599
MFF	0.449184688793718
COL4A3	0.974452336078157
IRS1	0.0135215457469737
CDK5R2	0.953594204102115
SCG2	0.543027903831385
ZBTB8OSP2	0.625136362550862
PSMD1	0.366393531094083
SPATA3	0.397443792211714
AGFG1	0.680264291760896
ERFE	0.342650322239185
CFAP65	0.0999054347185755
LINC00471	0.00155778318211883
ASB18	0.179303947260563
SNORC	0.00286869783643923
SP140L	0.449404253634236
LINC02610	0.487327661942389
PTMA	0.553653003403482
DNER	0.542746578332255
ARL4C	0.0779633641567072
TMEM198	0.120031813896499
RPL37A	0.741421623025139
COPS8	0.689895309144147
ATG9A	0.185152949821251
TRAF3IP1	0.356119673741542
GIGYF2	0.578855563862241
C2orf72	0.209410758946826
TIGD1	0.346213546416466
MSL3P1	0.504674702391583
_ENSG00000225057	0.396938145640919
_ENSG00000225963	0.00599067002623779
_ENSG00000227033	0.449106430407254
_ENSG00000227252	0.636010754034236
LINC01494	
TMSB10P1	0.512389720243133
_ENSG00000230580	0.334689788762207
DIRC3	0.89576165373836
DIRC3-AS1	0.00286288657066351
_ENSG00000233581	0.136574094727748
TWIST2	0.917527680662566
_ENSG00000233611	0.48908947850905
_ENSG00000235024	0.179303947260563
_ENSG00000235419	0.0999054347185755
LINC00607	0.918891751183636
MFF-DT	0.23482101034147
_ENSG00000236451	0.654398320265421
_ENSG00000236886	0.444827867562235
CATIP-AS2	0.919573876223222
_ENSG00000237525	0.627346182836156
CT75	0.136574094727748
_ENSG00000239498	0.00477829668439368
UBE2F-SCLY	0.469788577255535
LINC01963	0.135796974660347
_ENSG00000261338	0.136574094727748
_ENSG00000267034	0.737777397021141
_ENSG00000273301	0.117990750350513
_ENSG00000279348	0.941897840424846
FARP2	0.27111057525285
SLC4A7	0.481039967273543
GPC1	0.713886795536016
RAD18	0.520166086495529
LMCD1	0.557558791017922
TRNT1	0.945744718344027
MKRN2	0.143883975420916
RARB	0.894734491767162
TOP2B	0.593600401251421
TMEM40	0.62443404830482
IL5RA	0.29280227211569
DAZL	0.136574094727748
CRBN	0.231063833365215
OGG1	0.127013623980654
KAT2B	0.015523429051153
HDLBP	0.00702594030608013
PPP1R7	0.271696949911068
PASK	0.728360274030801
STK25	0.564425158797198
MTERF4	0.197741303359389
EMC3	0.95665502466071
SSUH2	0.574399207174012
KIF1A	0.948288637740567
NDUFA10	0.617527692891372
MRPS25	0.00583082490835423
SH3BP5	0.83973914961991
HACL1	0.550608745593637
TBC1D5	0.323466640647632
CAPN7	0.985090287594738
RFTN1	0.454667070483116
C3orf20	0.992583302681093
RBSN	0.953376701649721
GALNT15	0.792989540995768
SLC6A6	0.60759398119226
RAF1	0.236336850598768
SLC6A11	0.591740377234494
PPARG	0.97382381779947
NUP210	0.178741928796491
HMGB1P5	0.048503526638516
IRAK2	0.380537149214553
CAMK1	0.30136705143229
THUMPD3	0.322135851141432
VHL	0.914981970698651
BHLHE40	0.000813130701158501
ARL8B	0.225956291533826
EDEM1	0.102081209690664
CNTN6	0.0824207166033922
CHL1	0.344379089988802
RNPEPL1	0.713652758613663
CAPN10	0.0863149536147463
SUMF1	0.0153072410694468
ANKMY1	0.660953458263555
CPNE9	0.969718068526582
FANCD2	0.027130454263472
TAMM41_ENSG00000144559	0.875851462457389
VGLL4	0.197229637308595
RAB5A	0.0887063774157082
GRIP2	0.344578962984235
EAF1	0.314980063491377
CNTN4	0.0837208352969722
RBMS3	0.361830936550193
IQSEC1	0.530431449952757
CAND2	0.974021908601192
RPL32	0.0130524176643039
ANO7	0.129364242736457
ITPR1	0.0975815132162727
THRB	0.303331249973616
NGLY1	0.0309746439227986
OXSM	0.839218849736719
ZNF385D	0.226707218975313
TSEN2	0.018702676150645
WNT7A	0.514196957331866
XPC	0.298477225601861
CCDC174	0.861700728359618
FGD5	0.0573814662367389
DPH3	0.945631569179023
OXNAD1	0.29497938483027
PLCL2	0.354978303269814
LHFPL4	0.158528533947098
BRPF1	0.85781012074382
RPUSD3	0.0413508434509475
GHRL	0.425475590123141
SEC13	0.660834238780497
ATP2B2	0.970023352958355
SLC6A1	0.317439470651151
SYN2	0.00806876741293435
SNED1	0.540159389120364
NEK10	0.0204851479668361
AZI2	0.152304726066423
HDAC11	0.717071237537479
FBLN2	0.751150162184757
CHCHD4	0.639202119616201
EFHB	0.0644719512993897
IL17RE	0.00399966386075318
IL17RC	0.731361317436976
CRELD1	0.570969035634812
PRRT3	0.192335550848044
FANCD2OS	0.572828514272951
MTMR14	0.0462807903722709
SETD5	0.276294723190961
SEPTIN2	0.571364096599208
DTYMK	0.0883200359588433
ING5	0.167838846975607
ATG4B	0.363968992365308
BTD	0.59948034405959
UBE2E1	0.143886985331209
SETMAR	0.118395038223088
LSM3	0.032285943910086
TMEM43	0.860542519824485
JAGN1	0.082462367583275
TADA3	0.505006517379633
COPS9	0.00145179558764287
NR1D2	0.378679775771858
RPL15	0.011356458785679
LRRN1	0.469821549694525
BOK	0.799068849811421
THAP4	0.45377243499484
NR2C2	0.384019630088665
LRRC3B	0.394330044957935
EMC3-AS1	0.367619817366861
TPRXL	0.36220836101958
D2HGDH	0.00749358262457611
OXTR	0.636093230138664
UBE2E2	0.908536185751833
CAV3	0.346014092464655
KCNH8	0.986580960734064
CIDECP1	0.539512172808399
CMC1	0.332977209720551
RTP5_ENSG00000188011	0.917527680662566
DUSP28	0.478829633716307
_ENSG00000189229	0.625314003305536
SRGAP3	0.038053745400664
GRM7	0.312091540725459
HRH1	0.695827441438283
ATG7	0.616956026521712
NKIRAS1	0.150779247417453
RBMS3-AS2	0.0514823120288676
NEU4_ENSG00000204099	0.642656225393321
ZCWPW2	0.586843376814753
ANKRD28	0.953591935114568
COLQ	0.456954752015961
METTL6	0.642739320097185
THUMPD3-AS1	0.00284381383388512
TTLL3	0.734784614826556
RPL24P7	0.346373468977633
_ENSG00000220256	0.574923224124175
LINC01881	0.979919401016563
ZNF385D-AS2	
_ENSG00000223727	0.049006336168644
CHL1-AS2	0.144849664408153
LINC00620	0.73835742740828
SH3BP5-AS1	0.95016890272157
LINC01266	0.958470481118157
_ENSG00000225521	0.0193670878168849
MKRN2OS	0.556513370814333
FGD5-AS1	0.234736152326808
_ENSG00000226022	0.392177909068904
GRM7-AS3	0.0222655913447233
LMCD1-AS1	0.529135026735958
CNTN4-AS2	0.941897840424846
THRB-AS1	0.179303947260563
SATB1-AS1	0.887324395723578
_ENSG00000229642	0.427057592554767
PRRT3-AS1	0.358159115487103
FANCD2P2	
COL6A4P1	0.62443404830482
ITPR1-DT	0.179303947260563
SLC6A1-AS1	0.524479046237212
LINC01237_ENSG00000233806	0.854926298450559
_ENSG00000233912	0.0803392761065719
BHLHE40-AS1	0.958281296706873
RBMS3-AS3	0.959792314354859
_ENSG00000235978	0.726883348784924
GRM7-AS1	0.898900525755339
_ENSG00000237838	0.51674193784465
CNTN4-AS1	0.342650322239185
EAF1-AS1	0.144215001727512
BRK1	0.0338940347606945
CAPN10-DT	0.871602981939122
_ENSG00000270207	0.941897840424846
_ENSG00000271870	0.463530327978495
_ENSG00000274514	0.29280227211569
SEMA3F	0.895333065007893
RBM5	0.391799850712461
RBM6	0.994171373148221
DLEC1	0.0864432901882631
CELSR3	0.873746260558732
SS18L2	0.523611493930274
UQCRC1	0.807738861925059
ABHD5	0.658077280077282
LARS2	0.003916258969368
SEMA3B	0.392408772192679
MAP4	0.681058403687866
ACAA1	0.990468273290507
RHOA	0.987826775620704
HYAL2	0.644588973710884
RASSF1	0.802060499801402
IP6K2	0.318491555121319
EXOSC7	0.2980457622992
PTPN23	0.709425899778857
MLH1	0.220006166123297
KIF9	0.976026646679041
CMTM6	0.491317157162491
LRRFIP2	0.0645081762105764
SEC22C	0.602940149241493
XYLB	0.520166086495529
PFKFB4	0.120346765086593
COL7A1	0.72125649390952
PRKAR2A	0.702967579062298
USP4	0.295878597417068
GNAI2	0.887880432682365
HYAL1	0.0322397339171972
TUSC2	0.328118632964457
CSPG5	0.0103042035234135
KLHL18	0.879266125774566
SCAP	0.195931220839751
ACVR2B	0.904270000274763
WDR48	0.606570388539358
GORASP1	0.405267495901214
EIF1B	0.00292037723029417
VIPR1	0.492680216663129
ZBTB47	0.7725455630551
NKTR	0.782121625032292
DHX30	0.416379284266391
VILL	0.0250463405395412
DYNC1LI1	0.582155099555366
OSBPL10	0.31475930688349
POMGNT2	0.659898587349827
CSRNP1	0.0194989103298712
SLC25A38	0.115177575083702
ITGA9	0.849481279322845
SLC22A14	0.504041301712958
GOLGA4	0.551189807179848
CTDSPL	0.455588622552536
STAC	0.018478540590437
LIMD1	0.212540226341025
AMT	0.251112775803505
TCTA	0.300000123294489
NICN1	0.0303531459266509
GPD1L	0.678973439844264
CMTM7	0.180369401211048
FBXL2	0.616041499546693
UBP1	0.279427319070002
EXOG	0.769952648878203
LYZL4	0.342650322239185
ANO10	0.189026447574793
NBEAL2	0.422832054027233
CCDC12	0.406198848248518
PTH1R	0.822740057889486
TGFBR2	0.76266840399316
STT3B	0.286271713569094
CLASP2	0.387204071557888
DCLK3	0.342650322239185
SNRK	0.0130095267383988
KIAA1143_ENSG00000163807	0.853289868310352
KIF15_ENSG00000163808	0.278882862127631
ZDHHC3	0.827013849317105
CDCP1	0.62443404830482
LZTFL1	0.790622209546297
FYCO1	0.0946543129145272
LRRC2	0.561450109492905
ELP6	0.683282226559651
ZNF589	0.00499495944796936
FBXW12	0.136574094727748
PLXNB1	0.340330939685592
CCDC51	0.638035539260901
SHISA5	0.717709356837565
BSN	0.81936727891204
APEH	0.172261291782725
RNF123	0.434531096128409
CAMKV	0.746434864891317
MON1A	0.33118964328148
MST1R	0.942864538802018
TRANK1	0.681379868728103
TTC21A	0.442852383978389
RPSA	0.000910362884474455
ENTPD3	0.100738516489268
CTNNB1	0.906155307147993
ULK4	0.200777424534535
MOBP	0.953253690789153
CX3CR1	0.832653261467134
SCN11A	0.503458696814212
ZNF35_ENSG00000169981	0.488572713719021
MYRIP	0.359149926995889
PDCD6IP	0.142048260109009
GLB1	0.381939774724103
CRTAP	0.204204802314448
CMTM8	0.857316323613506
LAMB2	0.261073095879218
USP19	0.515615112685781
QARS1	0.531853667738147
NME6	0.344220774853639
ZNF621	0.45662416312933
OXSR1	0.257928266190556
ARPP21	0.552570979969192
DAG1	0.232561042584793
CCDC36	0.685447080787093
SMARCC1	0.0545179984769415
MST1	0.285554406995509
GMPPB	0.60642521502318
SUSD5	0.206386463661757
TOPAZ1	0.0999054347185755
IP6K1	0.959758508844189
CCDC71	0.204409661378761
ARIH2	0.651187258086872
ZNF620	0.636869854529875
IMPDH2	0.614160153076247
ALS2CL	0.941897840424846
NDUFAF3	0.0255046270070247
DALRD3	0.638507227951495
WDR6	0.00371309344433683
P4HTM	0.140141216028473
SLC25A20	0.459897269327792
EPM2AIP1	0.907817946545838
ZNF852_ENSG00000178917	0.633765758880087
TCAIM	0.699324697300214
SETD2	0.912422410146044
TMIE	0.369189293096344
TRAK1	0.0599009297334176
CNOT10	0.308094541455965
CCR3	0.941897840424846
TRAIP	0.572828514272951
SCN5A	0.29280227211569
ZNF445	0.0447757739400627
SCN10A	0.919573876223222
INKA1	0.73835742740828
KLHDC8B	0.502497386093029
ZNF501_ENSG00000186446	0.327465606499783
ZNF197_ENSG00000186448	0.856844023698955
HYAL3	0.0351495450235954
PLCD1	0.559399319699256
CCK	6.34418365029762e-07
C3orf62	0.0319656208577157
SLC38A3	0.897567083653838
RPL14	0.0127782907140238
ZNF502_ENSG00000196653	0.27934391011385
QRICH1	0.226611129454222
C3orf35	0.882275059404334
TRIM71	0.136574094727748
SACM1L	0.267271597828662
NCKIPSD	0.596516700049772
IFRD2	0.297630420663024
ARIH2OS	0.882755027222284
ENTPD3-AS1	0.109285496505083
SLC26A6	0.764015068484644
LINC01811	0.640369593172318
KIF9-AS1	0.0788793612573717
SPINK8	0.942864538802018
_ENSG00000230084	0.255895624997762
_ENSG00000231873	0.136574094727748
TMA7	0.686358329408544
VIPR1-AS1	0.342650322239185
RPL18AP7	0.490854747063
OSBPL10-AS1	
GPX1	0.148681132649234
SEMA3F-AS1	0.0681700706365031
ITGA9-AS1	0.491151753515269
_ENSG00000235288	0.606916756961387
ZKSCAN7-AS1_ENSG00000236869	0.0315476486722312
RPL30P4	0.960254150950041
TDGF1	0.919573876223222
_ENSG00000244380	0.368273735350703
CCDC13	0.650846890002379
TMEM158	0.80126661018507
_ENSG00000260236	0.503089801381164
_ENSG00000261786	0.268748487602895
_ENSG00000270441	0.949106322620346
_ENSG00000273291	0.242751355495211
_ENSG00000280571	0.644033231957032
EIF1B-AS1	0.698983465959151
_ENSG00000281160	
CACNA2D2	0.13358990190346
PHF7	0.243477597587726
NISCH	0.635950773045391
STAB1	0.816687351573963
CHDH	0.808412243892755
GLT8D1	0.602450636713565
ALAS1	0.461747550243861
PARP3	0.406508172080442
EPHA3	0.420380463970796
ITIH4	0.644761205995066
IL17RB	0.422904248471369
CHMP2B	0.811388133511146
DOCK3	0.298123885239308
C3orf18	0.327846346226109
PCBP4	0.877130729770483
CNTN3	0.0282243957673451
SELENOK	0.168034688146588
ACTR8	0.778638742688001
WNT5A	0.90056743260908
NPRL2	0.0604094689816571
C3orf14	0.0556366442165385
GBE1	0.211120055999053
FRMD4B	0.397316377849458
HEMK1	0.594651581601588
RRP9	0.856639611884271
ABHD14B	0.858590633867196
ABHD14A-ACY1	0.118420318902736
DNAH1	0.979572105859004
FOXP1	0.351689515790614
SPCS1	0.113070117689839
NEK4	0.467392418853319
PDZRN3	0.319903187532544
TMEM115	0.575273154631011
FLNB	0.258446242368366
PTPRG	0.000904617883397942
IL17RD	0.00991050705765461
SHQ1	0.148667672315663
SLC25A26	0.978415562184275
UBA3	0.0522755296790386
ARL6IP5	0.0632687680257068
TMF1	0.9389694433785
LRIG1	0.00456967723658891
LRTM1	0.2248642043092
DCAF1	0.077580858683113
MANF	0.0172687897382047
MAGI1	0.00966675669800743
FEZF2	0.114660332739239
CACNA1D	0.289278536973916
CACNA2D3	0.742182946696196
APPL1	0.257499255991537
RPL29	0.000192084190496089
CGGBP1	0.166433892748405
KBTBD8	0.218542925246428
TAFA4	0.393188147716319
EOGT	0.665189217509326
LMOD3	0.179303947260563
EIF4E3	0.391587704101884
RYBP	0.973771515048395
PPP4R2	0.20521888123331
CADPS	0.0025083546412069
SYNPR	0.884979850416864
C3orf49	0.14442631867264
THOC7	0.295014573914646
ATXN7	0.301910704106912
PSMD6	0.0556698954728636
PRICKLE2	0.00209226200026476
ADAMTS9	0.158043470632433
HESX1	0.464931972793459
SLMAP	0.512972362496964
RPP14	0.269965989795933
ABHD6	0.80919453566181
C3orf67	0.645350874208712
BAP1	0.289783453887697
TKT	0.0192447879387094
PRKCD	0.837367432877155
RFT1	0.349002844906404
SFMBT1	0.153257671523647
GNL3	0.216328424615505
PBRM1	0.250400204307762
TASOR	0.244339549637386
ARHGEF3	0.00373043411450676
RAD54L2	0.0502508960317322
TEX264	0.511808905384681
GRM2	0.844536492498286
DUSP7	0.808681649377684
POC1A	0.624907908229873
PPM1M	0.504041301712958
WDR82	0.528809426134831
NT5DC2	0.932822361504646
SMIM4	0.0546024615735541
PDHB	0.000727207154594767
PXK	0.894760718195939
KCTD6	0.775612622181787
FAM107A	0.564210790373559
ARF4	0.443547511697941
ARL13B	0.617798520185221
ROBO1	0.779700588468631
GPR27	0.572503683533664
SUCLG2	0.591904970140009
GXYLT2	0.0171962841821382
DENND6A	0.692036386132317
PDE12	0.179931581280065
DNAH12	0.539465103182883
ZNF654	0.408949552428927
CADM2	6.77439404006719e-08
NSUN3	0.37243636094362
DHFR2	0.640543964605972
STX19	0.393188147716319
C3orf38	0.886893150375035
HTR1F	0.941897840424846
CCDC66	0.760599009468472
TAFA1	0.891987200443664
PROS1	0.116787232596649
ROBO2	0.000734636449161388
MITF	0.67284196397384
ERC2	0.0256784298007833
SNTN	0.808681649377684
FHIT	0.528347541656529
HNRNPA3P6	0.167495663652634
_ENSG00000224479	0.955864929007554
PRICKLE2-AS3	0.29280227211569
RPL10AP6	0.0260271931403584
ZNF717	0.369581323999484
ASB14	0.203005178945075
LINC02008	0.30439481095666
CADM2-AS1	0.918891751183636
_ENSG00000239572	0.342650322239185
PSMD6-AS2	0.513730599766534
DENND6A-AS1	0.482761944139981
ENPP7P2	0.64117612147211
PSMD12P	0.942864538802018
MAGI1-AS1	0.14442631867264
CYP51A1P1	0.627346182836156
_ENSG00000241111	0.808178041316175
ADAMTS9-AS1	0.0551920072824315
LINC00877	0.884195188280769
SUCLG2-AS1	0.238005965671581
SYNPR-AS1	0.29280227211569
PTPRG-AS1	0.348022155908527
PSMC1P1	0.869032292824817
CADM2-AS2	0.625839017290262
ADAMTS9-AS2	0.876851469015805
_ENSG00000242009	0.807674512721039
MDFIC2	0.505308522423654
C3orf67-AS1	0.781247129776742
LINC00971	0.572305403327207
LINC00870	0.625839017290262
_ENSG00000243295	0.342650322239185
LINC02027	0.62443404830482
CACNA2D3-AS1	0.202525497203047
FAM86DP	0.345785686507263
_ENSG00000244513	0.144637872852466
ABHD14A	0.942864538802018
RBM15B	0.50608752887131
_ENSG00000271034	0.00884239483883312
_ENSG00000271976	0.902234778098886
ARF4-AS1	0.515230741887365
_ENSG00000272305	0.515847638601346
LINC02018	0.205396334080122
_ENSG00000272710	0.645939659340562
DCP1A	0.726836081930806
_ENSG00000277855	0.268748487602895
_ENSG00000281392	0.0393109810867596
ARHGAP31	0.0131790736255556
TBC1D23	0.426182492944939
POLQ	0.57335185203678
DCBLD2	0.95288889461013
ST3GAL6	0.753956947143807
PDIA5	0.953357167179005
NDUFB4	0.00930813773114337
MYLK	0.542271652828238
ZBTB11	0.21287301740734
ZXDC	0.854628650582253
SIDT1	0.516041442324365
CRYBG3	0.128557044349438
EPHA6	0.00164559624092008
CPOX	0.864594036628573
CLDND1	0.0481693436064078
IMPG2	0.226845084110944
PCNP	0.232114143839086
SEMA5B	0.391543475164347
GSK3B	0.95925111826407
ITGB5	0.0536898375552548
CD200	0.730365454797765
CCDC80	0.0643157063279813
TIMMDC1	0.0713483272191211
ARL6	0.832035887891634
CD86	0.28026756009062
NIT2	0.002444859285527
FAM162A	0.0156415933308171
KPNA1	0.677562391179288
TFG	0.213281245929332
RPL24	0.25682648582581
CBLB	0.105395327092516
BBX	0.0324647649001982
IFT57	0.888388994173778
HHLA2	0.811200874667902
MORC1	0.39352524397628
UMPS	0.136850469874769
SNX4	0.0014406883553639
C3orf52	0.344937388829715
SLC41A3	0.232053668110748
PLXNA1	0.371146711870338
ATP6V1A	0.234823428223504
UPK1B	0.62443404830482
SEC22A	0.264993334543545
B4GALT4	0.698226936045367
NAA50	0.284922694195483
SLC35A5	0.0902213997346079
SLC49A4	0.905049326798704
SENP7	0.102270789629736
GUCA1C	0.269493119016605
COX17	0.984035341308413
PARP9	0.217471725206242
NFKBIZ	0.580051248444572
COL8A1	0.62443404830482
NXPE3	0.131678043387228
MYH15	0.325831719455215
PHLDB2	0.227943734057439
ABHD10	0.37155091796777
TAGLN3	0.00477637148366789
RABL3	0.98464544357449
IGSF11	0.515764464926408
ATG3	0.520679806423803
NR1I2	0.136574094727748
BOC	0.635376747592478
ALDH1L1	0.0296807374310528
OSBPL11	0.0388249515225288
STXBP5L	0.499291322511237
EAF2	0.426639682581252
QTRT2	0.386059088357601
DRD3	0.739517934774556
CD96	0.324735865386449
GTF2E1	0.153145352611216
TOMM70	0.154658437676971
ABI3BP	0.138838130230745
CHCHD6	0.257094760710869
CCDC58	0.42429110535137
KALRN	0.414644735673994
POGLUT1	0.637624943746798
SLC15A2	0.25215786056503
LRRC58	0.422376444380466
FSTL1	0.806105668193877
CIP2A	0.203099467243798
DPPA2	0.0351495450235954
CD200R1	0.942864538802018
GTPBP8	0.0249514569050072
NEPRO	0.525664758757366
SPICE1	0.702800842318324
CCDC191	0.920372158942228
FBXO40	0.0681700706365031
ZNF148	0.779454540142977
KLF15	0.188789618390644
CFAP100	0.860152074075262
FILIP1L	0.592193605880976
HSPBAP1	0.290223450946025
ALCAM	0.904631466540921
ZPLD1	0.331657705978608
RIOX2	0.947280824917335
GAP43	1.09330169281321e-12
SLC9C1	0.917527680662566
ADCY5	0.507009210378973
PARP14	0.273534215021356
IQCB1	0.836849285680187
GOLGB1	0.719549224095357
MUC13	0.505308522423654
HEG1	0.0192994394868076
TRMT10C	0.413157262355859
CCDC14	0.833604810404141
GPR156	0.645613131120659
TMEM39A	0.722448896697003
USF3	0.611894425483889
NECTIN3	0.820953066701503
GRAMD1C	0.0695513973978467
HCLS1	0.764317467328425
TMEM45A	0.644718337745667
ZBTB20	0.219605424741413
CEP97	0.759153342355659
MAATS1	0.988587229440028
CMSS1	0.399642523570384
ZDHHC23	0.653253454840794
LSAMP	2.1808514205037e-09
CD47	0.51504039902668
TXNRD3	0.349908515239475
DZIP3	0.942393836175571
HACD2	0.845116652132109
CFAP44	0.626875947561661
LNP1	0.805661197006159
NAP1L1P3	0.078211851254911
LINC00488	0.342650322239185
SLC12A8	0.828865991092611
LINC01205	0.29280227211569
_ENSG00000239268	0.000125265699516675
ST3GAL6-AS1	0.342650322239185
SIDT1-AS1	0.136574094727748
_ENSG00000239462	0.0925216446594283
MYLK-AS1	0.893402741514353
_ENSG00000239828	0.238078217969935
_ENSG00000240057	0.175541338255698
B4GALT4-AS1	0.0420633380216482
LINC00636	0.219407355593487
PLCXD2	0.487767797905241
LSAMP-AS1	0.00881924717443565
ENPP7P4	0.950362846418589
LINC02614	0.577371989721529
LINC00903	0.151663356764245
_ENSG00000242029	0.572828514272951
NECTIN3-AS1	0.518176423078408
ZBTB20-AS5	0.3907608576159
_ENSG00000242299	0.0155580352992105
_ENSG00000242622	0.505475150507786
LINC00882	0.546080391843662
_ENSG00000242880	0.740098411144003
_ENSG00000243276	0.518009790981326
DUBR	0.174425916946119
CFAP44-AS1	0.901678947980888
PDCL3P4	0.58979502600462
ITGB5-AS1	0.817885478422457
MTHFD2P1	0.625720212127162
_ENSG00000250012	0.0573814662367389
_ENSG00000251088	0.344937388829715
_ENSG00000259976	1.1899105503003e-06
_ENSG00000261292	0.488208148287479
_ENSG00000272758	0.512700013442052
_ENSG00000272840	0.297979590211141
LINC02035	0.44761899506278
PLXND1	0.395719028265459
ACPP	0.573875416407613
ATP2C1	0.486633253763587
WWTR1	0.0239155486633089
ASTE1	0.835348730355176
CP	0.893280863844027
PIK3CB	0.973722085648504
SEC61A1	0.312913051734769
ATP1B3	0.00880069598954146
PFN2	0.0335651909420408
HLTF	0.372751486717177
PPP2R3A	0.180606677302859
MGLL	0.90965756339103
RAB7A	0.000982091967743166
UBA5	0.986833392457931
RNF13	0.650065666851162
TF	0.682872929112544
CDV3	0.741852653196491
PCCB	0.0523952826450952
ARMC8	0.356588989593402
CEP70	0.87128583510557
RBP1	0.323878756804154
SLC25A36	0.14235678713983
GRK7	0.269865965127032
RNF7	0.254523568657426
TFDP2	0.669070406509958
XRN1	0.926235846230088
ABTB1	0.628511119789324
PODXL2	0.190802254988101
KIAA1257	0.342650322239185
NEK11	0.964807566501563
MRPL3	0.975886497372731
PLSCR4	0.14456279253007
COMMD2	0.963784644854504
ARHGEF26_ENSG00000114790	0.0164725531381949
STAG1	0.330161898501346
SERP1	0.372980020850994
PLS1	0.567763695620018
ACKR4	0.739517934774556
ANAPC13	0.505446334771756
MBD4	0.509522764695996
EEFSEC	0.730405004896081
DBR1	0.826923625591944
DNAJC13	0.79059358042758
SRPRB	0.505005573337059
TMEM108	0.691032152148236
MED12L	0.797486222586084
EIF2A	0.53093565034348
TRPC1	0.24074978903937
IGSF10	0.949992202267966
MBNL1	0.0279703016971638
PLOD2	0.0492843428194809
ZIC1	0.135604480951296
RAB6B	0.0239632714330472
EPHB1	0.067942519821266
PXYLP1	0.644344216861334
RASA2	0.678083494066454
NCK1	0.937519368088117
DZIP1L	0.178485938563078
MRAS	0.957047859153162
ESYT3	0.930164776372272
FAIM	0.213489950216569
CLSTN2	0.139286453717352
ERICH6	0.848501568932294
PCOLCE2	0.489971691754021
U2SURP	0.0369484292625461
GYG1	0.255441883543128
HPS3	0.85042387977852
TOPBP1	0.16923616787892
RYK	0.160123142072511
NMNAT3	0.286269472840048
TPRA1	0.4247779628524
RPN1	0.866779453969468
IFT122	0.242134919194298
SLC35G2	0.718456551708649
P2RY12	0.51085145682425
CNBP	0.681782152007305
P2RY1	0.530088460028034
TM4SF1	0.625839017290262
TMCC1	0.396347775625546
EFCAB12	0.0335651909420408
IL20RB	0.00984093703039682
MSL2	0.0288721412888394
KY	0.136456051453785
SLCO2A1	0.0198764494823172
P2RY14	0.944373623723754
GPR149	0.856866098435128
DHX36_ENSG00000174953	0.296578615245869
CHST2	0.11827699332087
ATR	0.698067300850847
GK5	0.801241895071911
SPSB4	0.368273735350703
MRPS22	0.1281717471482
RUVBL1	0.438989895059926
ZBTB38	0.170347741524558
ACAD9	0.210922278968796
NME9	0.678981929599791
RAP2B	0.117582804557177
P2RY13	0.624907908229873
DIPK2A	0.0315590066373205
SIAH2	0.73589253015867
COPG1	0.506672420548845
SLC9A9	0.23316596465575
CEP63	0.682991912120455
HMCES	0.423973957781301
COPB2	0.111734464075612
H1-10	0.0354312010712382
KBTBD12	0.633887519425157
PLSCR1	0.0189877146724923
PAQR9	0.29280227211569
CPNE4	0.712154098413003
TSC22D2	0.259135592762152
PIK3R4	0.756991722394662
NUDT16	0.403530690161651
SELENOT	0.345637587792103
ANKUB1	0.201791477755478
COL6A6	0.859371285226648
H1FX-AS1	0.51042949835054
COL6A4P2	0.193493614978374
_ENSG00000231305	0.425791716603096
LINC02006	0.672445164372752
NCK1-DT	0.0436075039457902
CLRN1-AS1	0.0335651909420408
_ENSG00000239922	0.899456112186753
_ENSG00000240086	0.845617490841565
ERICH6-AS1	0.0778348652915403
CPHL1P	0.625136362550862
TM4SF1-AS1	0.838377186666369
_ENSG00000241220	0.136574094727748
_ENSG00000241679	0.504041301712958
LINC02618	0.897789501798759
INHCAP	0.766545962910968
LINC02046	0.342650322239185
AADACL2-AS1_ENSG00000242908	0.73835742740828
ARHGEF26-AS1_ENSG00000243069	0.0616538375279922
_ENSG00000243305	0.269865965127032
_ENSG00000243415	0.0327951153948248
_ENSG00000243486	0.0777379327377044
_ENSG00000243620	0.307214341241288
_ENSG00000243944	0.857316323613506
NPHP3-AS1	0.942864538802018
_ENSG00000248932	0.872399931584321
IL20RB-AS1	0.0422607824841435
_ENSG00000249417	0.88323503809014
LINC02021	0.0345132242030149
_ENSG00000250592	0.490413112538656
_ENSG00000250608	0.718132198811546
_ENSG00000250643	0.29280227211569
ALG1L2	0.638777335531747
RPL32P3	0.478588923604305
FAM86HP	0.448511120017446
ISY1-RAB43	0.73835742740828
TMCC1-AS1	0.140918712115618
_ENSG00000273437	0.809689103098638
NPHP3-ACAD11	0.218542925246428
SEC62	0.0974981836353684
SLC7A14	0.689454179019243
CLDN11	0.506035817782688
DCUN1D1	0.474336059199925
MCF2L2	0.890944121402977
USP13	0.921938861624708
ATP11B	0.878051120673818
DGKG	0.022260044416263
IGF2BP2	0.479364743375495
MAP3K13	0.713099990317935
FNDC3B	0.869874149088174
PLD1	0.0230372088921163
MCCC1	0.771309351560391
LAMP3	0.504674702391583
LXN	0.345654953589252
MYNN	0.746820952149779
MECOM	0.651894009917891
DNAJB11	0.278545257342274
THPO	0.625839017290262
EHHADH	0.939524326688546
SMC4	0.963289369290399
TBCCD1	0.243079243143265
BCHE	0.152839951192526
SERPINI2	0.629987197588898
PDCD10	0.0856924982586321
ECT2	0.22812800794009
FXR1	0.329670855392181
GNB4	0.114840402124486
PEX5L	0.043011195914052
ABCC5	0.570971114285505
KLHL24	0.0745014451072499
PLCH1	0.087827310369621
SSR3	0.0780240871706449
CLCN2	0.97078066608726
RARRES1	0.8207704832693
MFSD1	0.242414112255061
ZNF639	0.0292435267361103
SLITRK3	0.941897840424846
PIK3CA	0.0271973431734614
ACTL6A	0.531036140374969
NDUFB5	0.991532984876322
MRPL47	0.704199458066964
TRA2B	0.000439403343793602
SKIL	0.764418847280462
NCEH1	0.0224539966437439
SPATA16	0.885155508586149
CCDC39	0.999053174153923
EIF2B5	0.267562339131951
TNIK	0.0872381803105525
VPS8	0.25625906043669
SERPINI1	0.855837110283484
PRKCI	0.543058804190865
EIF5A2	0.848140947404968
RPL22L1	0.523509666440674
PPM1L	0.127724280650028
GMPS	0.446185186621184
TIPARP	0.54938105883527
CCNL1	0.185497336092743
TTC14	0.533422759645353
YEATS2	0.190539299022308
CAMK2N2	0.328125221297871
LIPH	0.462581318257173
TMEM41A	0.498238880828046
SENP2	0.750993425762049
GFM1	0.230530542984912
ZBBX	0.229606020059076
NMD3	0.52426713962421
B3GALNT1	0.316380530234673
KCNAB1	0.402835610760647
SLC33A1	0.70073472463132
NLGN1	0.153244500937302
MFN1	0.494546876457136
KCNMB3	0.515847638601346
NMRAL2P	0.342650322239185
LRRC34	0.00891965244131283
KLHL6	0.898344988869581
ZMAT3	0.330071498758679
PHC3	0.804490417237122
GPR160	0.280730162248375
GOLIM4	0.145936799110737
WDR49	0.969006034102155
RSRC1	0.644555311506468
SLC66A1L	0.942864538802018
C3orf33	0.529416295004987
PARL	0.022001077707237
B3GNT5	0.913099172073648
MAGEF1	0.214935981017037
TBL1XR1	0.909451398106598
NAALADL2	0.0793308253062415
MLF1	0.629747639260213
C3orf80	0.246323789710582
MAP6D1	0.194383270122489
HTR3E	0.202094984511021
TMEM212	0.179303947260563
KPNA4	0.931398250666993
C3orf70	0.743321174013931
SPTSSB	0.739517934774556
MME	0.0231559641075731
_ENSG00000197099	0.881795134809928
VEPH1	0.0678911271561654
KCNMB2	0.266706162523765
LEKR1	0.355515915318869
LINC00501	0.136574094727748
DNAJC19	0.814579785976802
EGFEM1P	0.180675397362611
CRYGS	0.22015539037356
_ENSG00000213169	0.0389833457600389
TRIM59	0.203466850489067
ALG3	0.194268497501941
UBE2V1P2	0.461633385785452
LINC02068	0.131436833667473
_ENSG00000223930	0.700891923956387
_ENSG00000226782	0.633765758880087
NLGN1-AS1	
LINC00578	0.154717785802981
_ENSG00000229102	0.889670612371107
RPL4P4	0.648192381633352
LINC01840	0.0882769527840023
LINC02015	
RPL23AP42	0.638946712595987
_ENSG00000237473	0.504674702391583
KCNMB2-AS1	0.579756469748509
LINC00888	0.504022192596958
LINC00886	0.0957223832389868
_ENSG00000241168	0.182154145542414
_ENSG00000241231	0.00714907262434831
LINC01192	0.117847832809371
LINC02082	0.739517934774556
_ENSG00000242536	0.573875416407613
SOX2-OT	0.10599562587175
_ENSG00000243150	0.573875416407613
_ENSG00000243176	0.50719772542739
IL12A-AS1	0.206056036089541
LINC01322	0.00260935111830449
ETV5	0.289257406964493
_ENSG00000248710	0.886115997615463
_ENSG00000272990	0.0326968787490891
MAN2B2	0.886983315819446
TACC3	0.869032292824817
LSG1	0.460921562454898
TNK2	0.218330279309027
RNF4	0.748112703648084
FGFR3	0.854473163174689
TFRC	0.00544596667470958
CRMP1	0.83957747960409
EVC	0.12967048882846
TP63	0.571782519410272
ST6GAL1	0.869277027404679
PPP2R2C	0.795383868587518
DLG1	0.314885656229022
ACOX3	0.791108153448054
SH3BP2	0.57097137677525
NOP14	0.649883931545804
ADD1	0.85010334396675
MAEA	0.79515833177519
P3H2	0.949481729257362
WFS1	0.952901951938538
GRPEL1	0.854221976739944
NSD2	0.561319633346852
MFSD10	0.944496166268807
KNG1	0.269120626528756
BCL6	0.152160255980381
CLDN16	0.136574094727748
FGF12	0.000646216350269024
HES1	1.77736202968461e-06
ACAP2	0.0112791077569989
IQCG	0.832750639010558
NCBP2	0.0183110037523704
PIGZ	0.773568914334501
SENP5	0.879061560026606
FYTTD1	0.815642798974585
MXD4	0.0824589792123717
SH3TC1	0.478027581265682
FAM193A	0.80393790899818
GRK4	0.352886777622635
MASP1	0.130027086793783
ATP13A4	0.829276548855092
PLAAT1	0.636093230138664
IDUA	0.439889557534123
FGFRL1	0.300253522257252
TMEM175	0.390425387176209
POLN	0.584589793109689
ZNF141	0.0374363036176179
TBC1D14	0.49873139925186
TMEM128	0.228573228202705
PDE6B	0.115148712692151
ATP13A3	0.758728776896275
LPP	0.237271678113192
TMEM44	0.275914773533568
RUBCN	0.104223669771418
MUC4_ENSG00000145113	0.739517934774556
DGKQ	0.347577934692247
LYAR	0.0271603888433841
CCDC50	0.075061692780158
STK32B	0.649624959381244
JAKMIP1	0.578447598633228
TRMT44	0.938253790060472
EIF4A2	0.0146637567926099
SST	0.00392937867946307
SPON2	0.115622537581657
CTBP1	0.480704584560898
ZFYVE28	0.438889189085443
RGS12	0.533235159537655
PCYT1A	0.288953550459284
BDH1_ENSG00000161267	0.706599897308906
RFC4	0.181179031714389
RPL39L	0.637646878050598
UVSSA	0.576699784821089
SLBP	0.337531132104715
LRPAP1	0.350761085501228
ZDHHC19	0.941897840424846
SLC51A	0.469443511659911
UBXN7	0.655344764106131
RNF168	0.265832882652416
PIGX	0.2045828349608
MELTF	0.636553673357614
ABLIM2	0.673040845658376
STX18	0.437444285286033
NSG1	0.0758932840190095
ZBTB49	0.504961744894062
TNIP2	0.13568736792783
LETM1	0.604851898370846
TMEM129	0.0717692079387909
CPLX1	0.0795894531246676
ATP5ME	0.178723326475932
_ENSG00000170846	0.424869452775339
KIAA0232	0.6080595788591
TADA2B	0.851748580894672
EVC2	0.477607077813293
XXYLT1	0.599046920307441
CEP19	0.504041301712958
FBXO45	0.406508177722422
FAM53A	0.647805041659387
PIGG	0.531608778204499
RNF212	0.205890966476773
GAK	0.521856696987889
MRFAP1L1	0.338913470116036
MRFAP1	0.000418549493004523
PAK2	0.0906758788948556
MB21D2	0.411665149984172
C4orf50	0.771589951460451
RPL35A	0.263386484493391
ZNF721	0.717650657243486
ADRA2C	
PPP1R2	0.725694035135125
SORCS2	0.625236204976301
NELFA	0.368995556967974
FAM43A	0.368273735350703
SDHAP1	0.501971586454714
PCGF3	0.372935485778393
LMLN	0.432021092516088
WDR53	0.0556986875779829
NAT8L	0.16370788723252
LRCH3	0.316871964257068
BLOC1S4	0.125831065287737
ZNF732	0.29280227211569
ATP13A5	0.22248755337378
TPRG1	0.331002633319756
OSTN	0.573875416407613
UTS2B	0.268748487602895
MSANTD1	0.185119268258599
APOD	0.0132657281313126
IL1RAP	0.962379510764151
AFAP1	0.908035668391634
CTBP1-DT	0.53985497451238
HTT	0.103645460653182
ZNF876P	0.260482748025643
OPA1	0.690654613270854
_ENSG00000205959	0.73835742740828
SMCO1	0.625136362550862
_ENSG00000214135	0.522947940396588
LINC00887	0.505308522423654
TMED11P	0.925670119440644
MYL5	0.0487711930526025
RPS20P14	0.331823478492479
_ENSG00000223812	0.900011747894475
OPA1-AS1	0.573875416407613
LINC02036	0.62443404830482
P3H2-AS1	0.0221746300802449
ANKRD18DP	0.898900525755339
MELTF-AS1	0.811471485303245
_ENSG00000229178	0.891229376946661
_ENSG00000229334	0.573875416407613
LINC02028	0.885155508586149
FGF12-AS1	0.741259807729393
_ENSG00000231724	0.901678947980888
TMEM44-AS1	0.967345268319235
LINC02043	0.57335185203678
LINC00884	0.790306660093802
RPSAP69	0.136574094727748
RPS7P15	0.202774629484614
MUC20-OT1_ENSG00000242086	0.0743482474332624
_ENSG00000242686	0.0775965446987185
C4orf48	0.463474400798235
_ENSG00000245748	0.269493119016605
STX18-AS1	0.890278203529954
_ENSG00000249592	0.276330230818827
NOP14-AS1	0.458810906291917
ENPP7P10	0.560209861949157
LINC02495	0.686360571242936
ZNF718	0.814288454079465
_ENSG00000250321	0.078516496361578
HTT-AS	0.0681700706365031
_ENSG00000251148	0.374321502447951
_ENSG00000251229	0.247038188976749
LINC02482	0.901123166061073
_ENSG00000251615	0.129364242736457
_ENSG00000251652	0.210884987125544
_ENSG00000260261	0.69203443110905
NCBP2AS2	0.892062051644457
ZNF595	0.773054661460058
TMEM271	0.219118939830537
CTBP1-AS	0.857029746603027
_ENSG00000281016	0.0204191042138243
LAP3	0.116967216317403
HS3ST1	0.638406498839835
CD38	0.992914573176803
PROM1	0.202544270817834
SLC30A9	0.889007779164357
RFC1	0.290288690737225
BOD1L1	0.0139274059337169
ARAP2	0.123442479300177
FAM184B	0.239154957091218
CC2D2A	0.548838546708642
ANAPC4	0.654692136121494
LIMCH1	0.123587360660161
TBC1D1	0.673461615914047
WDR1	0.440874999593739
TXK	0.219696043786173
FRYL	0.0590958776561811
UBE2K	0.0571271076582498
N4BP2	0.0861444877197285
SEL1L3	0.124005239225809
TMEM33	0.24786484096559
GABRA4	0.278211740515457
SLAIN2	0.654093093562663
OCIAD1	0.0529127094547198
DHX15	0.870100916225667
SEPSECS	0.775353128243557
SLC2A9	0.199277490182683
TBC1D19	0.34553437409711
CLNK	0.114741082097401
STIM2	0.0392709620978228
KLF3	0.426709804394
KLHL5	0.275680701820971
UGDH	0.623761748605916
PPARGC1A	0.869460076168373
FBXL5	0.538067525683614
MED28	0.699164260217709
PDS5A	0.393591203886033
TMEM156	0.503787448734064
LIAS	0.957297034144881
NDUFB4P12	8.54959329736863e-05
ATP8A1	0.275423668343904
KLB	0.607825740129801
TEC	0.342650322239185
CPEB2	0.000137096550785346
SLIT2	0.728996590447156
CORIN	0.626126534592971
ATP10D	0.0547311308046677
OCIAD2	0.0553183157887846
QDPR	0.232871196676442
GUF1	0.0149215730599929
GABRA2	0.426096690075956
ADGRA3	0.454384492145071
LGI2	0.741259807729393
C4orf19	0.0341974598919999
UCHL1	3.23622740005677e-06
WDR19	0.438813278662528
RAB28	0.764228616506248
PACRGL	0.190003537554996
C1QTNF7	0.608735329918843
DCAF16	0.428386164393232
GNPDA2	0.917990918174176
GABRG1	0.235472906526691
GABRB1	4.76030807956772e-06
NIPAL1	0.115622537581657
RPL9	0.0348617294608486
SMIM14	0.225898448012735
RBM47	0.574756836750989
APBB2	0.313386687296866
RBPJ	0.404479996205154
ZCCHC4	0.405811365812065
RHOH	0.900011747894475
COMMD8	0.649115607130347
PGM2	0.158080883433071
DRD5	0.29280227211569
LDB2	0.0448725823068678
TAPT1	0.406758224524507
PCDH7	0.407487806386341
NFXL1	0.695390668074202
COX7B2	0.344578962984235
TLR1	0.897385966864175
NWD2	0.625495143486035
YIPF7	0.88323503809014
ZNF518B	0.729397868065762
LCORL	0.74335994712571
NSUN7	0.499041351903805
RELL1	0.515838967908361
CCDC149	0.0624047234922329
KCTD8	0.2079551610996
KCNIP4_ENSG00000185774	0.00732533048538388
BEND4	
FAM114A1	0.189272304292102
CNGA1	0.606462493213343
GRXCR1	0.504041301712958
KLF3-AS1	0.509302806820867
CDC42P6	0.118348630606684
FAM200B	0.979452027879925
RPS21P4	0.848140947404968
CPEB2-DT	0.493427069778048
_ENSG00000248138	0.977240810268665
LINC02438	0.368731337428235
OCIAD1-AS1	0.504041301712958
LINC02360	
_ENSG00000248343	
LINC00504	0.0807482707890579
_ENSG00000248515	0.62328466741881
LINC02484	0.29280227211569
LINC01085	0.638035539260901
_ENSG00000248837	0.504674702391583
LINC02265	0.873317530190521
C1QTNF7-AS1	0.820474097293765
ATP5MGP3	0.946981435802605
_ENSG00000249330	0.401435937841061
UGDH-AS1	0.391962464840125
_ENSG00000249502	0.445520387593672
LINC01258	0.246323780021794
_ENSG00000249547	
_ENSG00000249563	0.227674113026496
_ENSG00000249631	0.207048472778234
_ENSG00000249678	0.0351495450235954
LINC02261	0.14442631867264
RAC1P2	0.797673536939984
GBA3	0.0707509954887664
_ENSG00000249988	0.696259338867677
_ENSG00000249998	0.919573876223222
_ENSG00000250039	0.00574527798401959
_ENSG00000250064	0.505308522423654
_ENSG00000250092	0.609190351942015
_ENSG00000250137	0.839892312311264
_ENSG00000250243	0.136574094727748
SMIM20	0.841525563296835
LINC01182	0.0240935749944431
_ENSG00000250723	0.808681649377684
_ENSG00000250781	0.504674702391583
LINC02493	0.0681700706365031
_ENSG00000250954	0.504674702391583
ANKRD20A17P	0.136574094727748
LINC02506	0.0289080546653672
UCHL1-AS1	0.29280227211569
LINC02497	0.0573814662367389
_ENSG00000251438	0.018478540590437
_ENSG00000255458	0.801894831539234
_ENSG00000259959	0.871602981939122
_ENSG00000260878	0.0563210857047617
_ENSG00000260918	0.0209484845828796
TAPT1-AS1	0.331165001195836
RUFY3	0.665181150394129
UBA6	0.601291974925079
STAP1	0.918891751183636
POLR2B	0.0139090639230187
NPFFR2	0.941897840424846
LNX1	0.0235563166017179
SLC4A4	0.27582995926303
YTHDC1_ENSG00000083896	0.405280529425954
NOA1	0.15659436155478
REST	0.618484266694059
EXOC1	0.661742900964496
DCUN1D4	0.133314543081913
USP46	0.647298330490032
CHIC2	0.433886679857306
NMU	0.344220774853639
CRACD	0.0951113250882483
CCNI	0.239576175858202
SRD5A3	0.730435957883404
RASL11B	0.203172518555563
PAICS	0.726342254383285
PPAT	0.33954408772288
GRSF1	0.291277540576769
ENAM	
ANKRD17	0.384758376481014
UTP3	0.102215266021901
TMEM165	0.337392575461946
CLOCK	0.115520297305356
PDGFRA	0.0436538640477726
HNRNPD	0.997430860768947
PRKG2	0.462581318257173
RASGEF1B	5.59097373959995e-15
FGF5	0.625839017290262
NAAA	0.356196770754891
NUP54	0.310512152964418
BMP2K	0.82093329082345
G3BP2	0.653782589980561
SEPTIN11	0.0432484132567622
FRAS1	0.0841597375585038
SCARB2	0.655787407155285
CCNG2	0.949032648470319
CNOT6L	0.642997889067971
USO1	0.0146109623041614
CDKL2	0.1912228970307
SHROOM3	0.0967451969593543
FIP1L1	0.173196651956745
CENPC	0.103362264942269
EPHA5	0.566275169291929
SCD5	0.0160378597949901
ENOPH1	0.439440457323192
ADGRL3	1.28073231758062e-07
PRDM8	0.0858313836114096
HNRNPDL	0.389176887623999
TMPRSS11D	0.62443404830482
DCK	0.161731914548262
ADAMTS3	0.329439378420963
PPEF2	0.218542925246428
ART3	0.643006140256606
CXCL13	0.941897840424846
NAA11	0.202774629484614
KIT	0.177083739692569
AASDH	0.290429253941443
MT2P1_ENSG00000162840	0.982499843302122
SGCB	0.349535925857578
PAQR3	0.993709770410942
ANTXR2	0.223541552892007
PDCL2	0.489089491859393
IGFBP7	0.106948319653349
COX18	0.0634321211015294
MTHFD2L	0.0120985876323683
RCHY1	0.597735315384745
CCDC158	0.688371876851756
PARM1	0.463088692039248
MRPL1	0.202449528680089
MUC7	0.345654953589252
UGT2B7	0.218542925246428
HOPX	0.138460374986159
MOB1B	0.0604205535497352
SRP72	0.433794941627116
ODAPH	0.144637872852466
THAP6	0.322971396785351
CEP135	0.759924626910064
BTC	0.29280227211569
AMBN	0.625839017290262
EXOC5P1	0.918209685830619
SCFD2	0.123021445993655
TMPRSS11A	0.504041301712958
LRRC66	0.114850974026671
ARL9	0.344220774853639
CFAP299	0.00124675062508096
SDAD1	0.205607163714962
_ENSG00000205682	0.654236066687453
UGT2B11	0.0785366601453681
_ENSG00000224218	0.609190351942015
ERVMER34-1	0.919573876223222
DANCR	0.333267718669701
TXNP6	0.249661900446628
_ENSG00000243199	0.62443404830482
UBA6-AS1	0.0133916805756723
LINC02283	
_ENSG00000248646	0.505308522423654
ADGRL3-AS1	0.369647602289817
TMEM150C	0.361158199068663
LINC01088	0.0901769033591957
_ENSG00000249413	0.115817328296587
THEGL	0.368731337428235
SRD5A3-AS1	0.226840317714342
_ENSG00000250075	0.509173289026207
LINC02232	0.00893253103860049
_ENSG00000250220	0.596775016996371
LINC01618	0.504674702391583
FTLP10	0.248903655114298
UGT2B29P_ENSG00000250566	0.849222907050443
_ENSG00000250646	0.29280227211569
_ENSG00000250735	0.078211851254911
EPHA5-AS1	0.606008381544219
_ENSG00000251059	0.136574094727748
_ENSG00000251185	0.0778561925533489
_ENSG00000251339	0.73835742740828
LINC01094	0.185556261276543
FAM47E-STBD1	0.395208453357103
_ENSG00000272677	0.0323338713655226
_ENSG00000273156	0.202956677729916
MCUB	0.03487119678625
ALPK1	0.199873718059864
LAMTOR3	0.212856314304809
NFKB1	0.428505237184163
MANBA	0.0677929999142507
UBE2D3	0.573492974501637
MAPK10	0.679992611481817
RPL34	0.906156647026394
GAR1	0.539998556085183
PKD2	0.66507368118221
ABCG2	0.647646601774837
SPP1	0.592335893560598
PLA2G12A	0.484709319341301
ARHGAP24	0.00187284390578579
FAM13A	0.0688175279918565
HERC3	0.288556194358356
HERC6	0.781607348120701
HERC5	0.730435957883404
NDST4	0.0784263656053855
ZGRF1	0.699542238595756
AP1AR	0.167292473111244
COPS4	0.652007009214843
SEC31A	0.488481137734144
GPAT3	0.505308522423654
BMPR1B	0.061970563475656
RAP1GDS1	0.616666174738989
PDE5A	0.454518562217669
PRDM5	0.283807373286852
PPA2	0.306304325029231
CENPE	0.426740918130851
GSTCD	0.0109480485467986
INTS12	0.0567222698560694
ENPEP	0.0558259613779315
CASP6	0.353933062025963
LEF1	0.859117687144212
HADH	0.931545451332354
EGF	0.924472610394626
PAPSS1	0.279639972089667
SEC24B	0.134580706424521
PPP3CA	0.841385233107478
SLC39A8	0.496637232560484
MTTP	0.195435087739248
TRMT10A	0.25545250895858
KLHL8	0.165351505833017
SNCA	0.00178377443595252
PYURF	0.852441114026672
TBCK	0.0360385403098796
CAMK2D	0.175175944298932
CISD2	0.177401378784613
ANK2	0.0280055442673262
METTL14	0.509285364625711
USP53	0.187170928526874
SEC24D	0.419922790070005
EIF4E	0.436729672972389
GRID2	0.348328094160095
SPARCL1	8.83945711914875e-07
BANK1	0.658068323817494
CEP170P1	0.88659630496676
DKK2	0.0222049145271557
CYP2U1	0.213035555456019
SMARCAD1	0.0157501354258309
HPGDS	0.963234228054787
PDLIM5	0.099326729716209
STPG2	0.218737106604555
HELQ	0.634626628503184
MRPS18C	0.742930151732062
ABRAXAS1	0.269883341521432
CDS1	0.50000555599566
WDFY3	0.0162600417468642
PTPN13	0.0848389783408046
C4orf36	0.622422821949031
PPM1K	0.968036821266699
AIMP1	0.749991222309274
SGMS2	0.324980098071901
METAP1	0.746686903805745
DNAJB14	0.899168021078045
H2AZ1	0.0195033635184859
EMCN	0.850305150781562
SLC9B1	0.129027704145357
SLC9B2	0.168421019364751
ETNPPL	0.0789824178423363
C4orf3	0.733511717836967
PRSS12	0.62443404830482
NDST3	0.409697564394695
MAD2L1	0.136574094727748
THAP9	0.136689405524912
NPNT	0.195437121021628
TET2	0.334167353122928
CXXC4	0.618102091237978
TSPAN5	0.790890669281023
TACR3	0.489089491859393
NUDT9	0.768508244299765
HSD17B13	0.144637872852466
ELOVL6	0.155923716506033
MYOZ2	0.487327661942389
SYNPO2	0.846995887740076
AFF1	0.401036497133777
HPSE	0.0999054347185755
COQ2	0.0816630289349582
TRAM1L1	0.317294132969865
UGT8	0.431786050139288
LARP7	0.344327367300842
FAM241A	0.869032292824817
NAP1L5	0.235190885190563
RRH	0.00651859048998984
WDFY3-AS2	0.567897247852629
ARSJ	0.117194077105224
UNC5C	0.655439044723777
HSP90AB3P	0.0410264000354611
CCSER1	0.601694237013913
GPRIN3	0.163641409627547
QRFPR	0.941897840424846
COL25A1	0.33337245841045
LIN54	0.64456694722619
_ENSG00000196656	0.803625882961139
ADH5	0.373041162757361
HSD17B11	0.644133793263367
OSTC	0.283739009566574
CFI	0.29052188667609
_ENSG00000214559	0.806667694730469
LINC02262	0.136574094727748
LINC02263	0.29280227211569
RPL34-AS1	0.52676867436152
TECRP1	0.0517467924334575
ARHGEF38	0.394889740760668
COX7A2P2	0.824220911994677
LINC01378	0.116550758130846
RPL7AP30	0.00211055598011068
_ENSG00000245293	0.654647566900825
H2AZ1-DT	0.45255348545803
CXXC4-AS1	0.629547284131262
_ENSG00000245958	0.156924624881325
_ENSG00000246090	0.191666380645698
PPM1K-DT	0.800599606540906
_ENSG00000246541	0.574399207174012
UBE2D3-AS1	0.276017817777478
SEC24B-AS1	0.350366619385783
FAM13A-AS1	0.655928876469939
ANK2-AS1	0.98300729278048
_ENSG00000248242	0.858216913102132
_ENSG00000248373	0.602633687270924
LINC02267	0.115733092829159
_ENSG00000248676	0.136574094727748
C4orf54	0.29280227211569
LINC02428	0.918891751183636
_ENSG00000249001	0.344578962984235
NEUROG2-AS1	0.0681700706365031
LINC02503	0.941897840424846
_ENSG00000249635	0.326693072763026
_ENSG00000249815	0.900011747894475
_ENSG00000250057	0.226473360169224
MAPK10-AS1	0.182090166803295
CIR1P2	0.345296052371122
KLHL2P1	0.606008381544219
_ENSG00000250546	0.993845691642204
_ENSG00000250855	0.505308522423654
_ENSG00000250938	0.255762475309034
_ENSG00000251095	0.0369032542450558
_ENSG00000251170	0.574923224124175
_ENSG00000251309	0.0681700706365031
STPG2-AS1	0.805661197006159
_ENSG00000254531	0.490377243594171
_ENSG00000255723	0.0476862955999883
_ENSG00000260404	0.963647038756257
_ENSG00000260641	0.740098411144003
_ENSG00000263923	0.517237050047504
SNHG8	0.288005967002337
_ENSG00000271474	0.887076653977147
METTL14-DT	0.310051124866072
FNIP2	0.370687685671864
GATB	0.827206991129718
GUCY1B1	0.775334171254553
ARHGAP10	0.0467371394320956
JADE1	0.11721879356951
MGST2	0.650272473061994
ELF2	0.822631451498493
NDUFC1	0.501709433799878
TBC1D9	0.225032929643966
ZNF330	0.644955618744052
INPP4B	0.890323112132121
GAB1	0.294012356534739
TRIM2	0.55501554733511
FBXW7	0.441321681925281
SH3D19	0.771356425746941
GLRB	0.152709535465222
GRIA2	0.559451803708525
SLC10A7	0.438860595944001
LRAT	0.450298395065956
TMEM131L	0.820744805974867
MND1	0.570436460239866
EXOSC9	0.646090403395733
FHDC1	0.14442631867264
TTC29	0.37254373373968
PCDH10	0.496766089890177
FGF2	0.214147010656011
BBS7	0.677781880692525
KIAA1109	0.732483527813261
LARP1B	0.739307954357388
TRPC3	0.902234778098886
SPATA5	0.998443097261922
CCNA2	0.740098411144003
SETD7	0.355254491253141
RPS3A	0.07915122539179
RNF175	0.00376825168393596
PDGFC	0.109830521907286
SLC7A11	6.11867686378775e-07
NOCT	0.819721037075116
ANKRD50	0.215594403518111
SCLT1	0.543575553971311
C4orf33	0.676410537966394
SLC25A31	0.368273735350703
MMAA	0.828726575346508
ZNF827	0.851909592596108
EDNRA	0.921059147229734
NR3C2	0.63624521826953
TDO2_ENSG00000151790	0.90056743260908
SCOC	0.0374195033994737
CLGN	0.504674702391583
SMARCA5	0.265043511168138
PGRMC2	0.0420995677316957
SPRY1	0.223530925694034
INTU	0.341481488896261
HSPA4L	0.468716054097426
MFSD8	0.459472474052963
ABHD18	0.381196753189112
ANXA5	0.153500845512497
TMEM155	0.970290321369726
MAP9	0.87472808169952
GUCY1A1	0.239944893961516
C4orf45	0.765960992335839
TMEM144	0.0378435856806299
GASK1B	0.931297826999781
NAA15	0.426670524845306
IL15	0.504041301712958
FAM160A1	0.792485178506368
ARFIP1	0.449083769210826
HHIP	0.710897658087608
ANAPC10	0.231857044192663
ABCE1	0.620633245424985
OTUD4	0.159151372861715
LSM6	0.268950772661254
TMEM184C	0.0209172653643983
PRMT9	0.271079311696337
TIGD4	0.125105147617336
TMEM154	0.574399207174012
RNF150	0.101340293028448
USP38	0.976415628421709
SMAD1	0.657804354799878
DCLK2	0.694042513724749
NUDT6	0.699825484826242
PPID	0.720356340361424
ETFDH	0.354259373977703
RXFP1	0.714305321783734
PLRG1	0.876307705156481
RAB33B	0.448808719191198
ELMOD2	0.823862431370305
BBS12	0.916845736177739
FREM3	0.013340442160305
PRSS48	
PCDH18	0.919573876223222
FAT4	0.556263653312616
MAML3	0.464968508680675
SCOC-AS1	0.225853094044207
DCHS2	0.240526568037162
GYPE	0.136574094727748
LRBA	0.0316521651678934
C4orf46	0.636481492398396
FAM192BP	0.631746976709158
IQCM	0.637646878050598
GUSBP5	0.85781012074382
C4orf51	0.574399207174012
LINC02355	0.0578612603126985
LINC00616	0.489089491859393
FAM198B-AS1	0.164079230220374
_ENSG00000248434	0.018478540590437
_ENSG00000248491	0.345654953589252
LINC02511	0.018478540590437
HHIP-AS1	0.48864871297649
LINC01091	0.0327533279657689
LINC02465	0.941897840424846
_ENSG00000249806	0.226840317714342
_ENSG00000249837	0.39352524397628
SLC7A11-AS1	0.316979681126632
LINC02377	0.136574094727748
_ENSG00000250195	0.212828823198109
_ENSG00000250241	0.730468630691307
_ENSG00000250326	0.585777299113274
_ENSG00000250354	0.918209685830619
GYPB	
_ENSG00000250706	0.942864538802018
_ENSG00000250910	0.624096059723033
RTN3P1	0.22043215360314
LINC00499	0.9504545974935
_ENSG00000251388	0.342650322239185
LINC01256	0.202774629484614
_ENSG00000251429	0.228474087143316
LINC02615	0.330833246625812
_ENSG00000251488	0.414849897490022
_ENSG00000251555	0.158706533283001
_ENSG00000251567	0.504674702391583
_ENSG00000251598	0.606916756961387
_ENSG00000251600	0.136786510027729
SNHG27	0.0475498292583227
CTSO_ENSG00000256043	0.748531597648389
_ENSG00000260244	0.766618697857735
MIR4453HG	0.392177909068904
_ENSG00000273247	0.21809580595682
_ENSG00000278943	0.869889036776706
_ENSG00000280241	0.359713138188822
BRD9	0.865120080746183
AGA	0.829027154981475
TLL1	0.082332827834975
CLPTM1L_ENSG00000049656	0.634189589916487
MSMO1	0.00011572705379355
HPF1	0.971450647548268
AHRR	0.317294132969865
TRIP13	0.941897840424846
SDHA	0.628714707860365
FAT1	0.0886266514679542
KLHL2	0.585246015129539
CPE	0.0536762871590895
ANXA10	0.179303947260563
FRG1_ENSG00000109536	0.00427609414233718
CLCN3	0.353910695854052
AADAT	0.254893324652684
GALNT7	0.547465979925906
RAPGEF2	0.230622148820717
SNX25	0.197005582074057
LRP2BP	0.550675128098944
UFSP2	0.0947627680415657
FAM149A	0.89967587560037
CEP72_ENSG00000112877	0.741259807729393
SLC12A7_ENSG00000113504	0.528274180511391
NACA3P	0.129185883105192
PALLD	0.189718977661519
SPCS3	0.436297411643858
DCTD	0.103688818065919
NEK1	0.143602064660909
DDX60	0.195437121021628
NAF1	0.36982643030005
MARCHF1	0.55490995608988
CBR4	0.862850543236751
GLRA3	0.0445216187452013
CYP4V2	0.628252049455559
NDUFS6	0.0032154699621641
NKD2_ENSG00000145506	0.342650322239185
GPM6A	3.86899278669499e-10
WDR17	0.504152543817114
VEGFC	0.973161076056038
WWC2	0.515060081738828
ACSL1	0.793934863275373
SLC25A4	0.031591414176586
LPCAT1_ENSG00000153395	0.763161394476014
SH3RF1	0.768063329782146
PDLIM3	0.616727861625168
SORBS2	0.12561217968712
HMGB2	0.642727475801685
SAP30	0.987987138990267
SCRG1	0.019043963595447
FBXO8	0.295024507963955
CEP44	0.0918056904391587
HPGD	0.941897840424846
NPY1R	0.0936540941525122
NPY5R	0.29280227211569
ENPP6	0.842081882398944
CASP3	0.740100137592306
PRIMPOL	0.0547138243777915
CFAP97	0.589881695027784
KLKB1	0.418986070418681
CCDC127	0.3817797787424
IRF2	0.466363650063851
CCDC110	0.345296052371122
TRAPPC11	0.556236370453103
ING2	0.00649413297173953
CDKN2AIP	0.22812800794009
ADAM29	0.574399207174012
FSTL5	0.6600828399466
TMEM192	0.916262112734536
TPPP	0.511372677764161
MRPL36	0.511953776426229
STOX2	0.11993865078896
GALNTL6	0.606151866951782
TENM3-AS1	0.0321736464251667
TRIML2	0.29280227211569
EXOC3	0.0261388214871439
HSP90AA6P	0.572305403327207
DDX60L	0.00563474068279947
RWDD4	0.348357901198361
TRIM61	0.179303947260563
SDHAP3	0.491296901996926
ANKRD37	0.766278721745113
_ENSG00000188002	0.54080140720068
_ENSG00000188242	0.631377871387025
ZDHHC11	0.0341414810378006
SPOCK3	0.62725710101731
TMA16	0.696230629379745
MFAP3L	0.0940704070622765
HSP90AA4P_ENSG00000205100	0.572828514272951
C4orf47	0.723648573271723
ZDHHC11B	0.184209311610235
TENM3	0.922142759182804
EXOC3-AS1	0.358676656230366
SLC9A3-AS1	0.527563184814214
LINC01098	0.397443792211714
_ENSG00000232648	0.624223746754673
_ENSG00000235902	0.136574094727748
HAND2-AS1	0.218830796410528
_ENSG00000245213	0.330419427732424
FRG1-DT_ENSG00000245685	0.582363264183833
LINC02268	0.942864538802018
LINC00290	0.607371172647286
LINC02275	0.807171063792446
_ENSG00000248388	0.345296052371122
_ENSG00000248551	0.505308522423654
SMIM31	0.269865965127032
_ENSG00000248774	0.625136362550862
_ENSG00000248816	0.941897840424846
_ENSG00000248973	0.153309342891236
_ENSG00000248980	0.572828514272951
_ENSG00000248994	0.462897534352869
_ENSG00000249084	0.741259807729393
_ENSG00000249106	0.858200357818369
LINC01060_ENSG00000249378	0.506372801934979
LINC02477	0.0780931516889751
_ENSG00000249675	
_ENSG00000249883	0.136574094727748
PDCD6	0.982186821774784
_ENSG00000250131	0.331991266837014
_ENSG00000250410	0.392116288245083
FAM218A	0.369647602289817
LINC02233	0.0676322481491846
LINC01511_ENSG00000250584	0.504041301712958
LINC02492	0.607825740129801
LINC02269	0.942864538802018
LINC02436	0.18248004019692
F11-AS1	0.809425407952882
LINC01099	0.0586083019820256
LINC02365	0.144637872852466
LINC02427	0.940588400465674
_ENSG00000272297	0.202525497203047
SAP30-DT	0.816275138915843
NSUN2	0.252257417381494
TRIO	0.922934988031925
DNAH5	0.6898360276416
RAI14	0.798412385724145
CDH10	0.561218066857984
ZFR	0.2963753170109
ADCY2	0.005210012141731
SLC1A3	0.200003553580659
WDR70	0.304237962890934
C5orf22	0.276344939507892
SEMA5A	0.307288717061836
TENT4A	0.794095714025292
DAP	0.966438948988077
CDH9	0.953151621925518
DROSHA	0.93733258199456
CDH6	0.377796675895613
GOLPH3	0.504218310376291
SUB1	0.00190901416729916
NPR3	0.901123166061073
TARS1	0.424591513061045
RAD1	0.466057591732398
BRIX1	0.722496446854426
AGXT2	0.738937606760991
PRLR	0.395208453357103
NUP155	0.188487170859707
LIFR	0.134663501699937
MTRR	0.336230992463541
FASTKD3	0.925610743695668
MED10	0.0341958317358962
PDZD2	0.0232183024027443
ROPN1L	0.0999054347185755
MARCHF6	0.0820297607842529
CDH18	0.359126568318722
ADAMTS16	0.739517934774556
SRD5A1	0.930580431198415
MYO10	0.0665581865312746
OTULINL	0.602924964014071
SKP2	0.640610611756335
MTMR12	0.908443418138322
CCT5	0.421086924637515
ATPSCKMT	0.00742808333172515
ADAMTS12_ENSG00000151388	0.458874950291216
SPEF2	0.171641147778559
NADK2	0.787128014433636
ANKH	0.25904064359825
OTULIN	0.588450316069944
RETREG1	0.848145672784747
CDH12	0.0382080877134057
ICE1	0.511585871663915
SLC45A2_ENSG00000164175	0.136574094727748
LMBRD2	0.181300649204184
RANBP3L	0.614150104185981
NIPBL	0.72161359043862
ANKRD33B	0.192762422878243
CMBL	0.649456900441281
EGFLAM	0.514306115627045
DNAJC21	0.811553138135535
CTNND2	0.0516981623390855
ZNF622	0.114631272915298
BASP1	0.0238068241459758
FBXL7	0.00582993867940615
MARCHF11	0.572828514272951
GUSBP1	0.305057841486129
CPLANE1	0.870424632923845
TTC23L	0.0634486475847378
HSPD1P1	0.948380454699261
_ENSG00000215158	0.208409489336273
BASP1-AS1	0.895415415506297
C5orf49	0.157403872126067
UBE2QL1	0.28040864758737
FTH1P10	0.101828957350578
OFD1P17	0.000424324905713581
_ENSG00000240376	0.344693537054531
RPS4XP6	0.383559276250176
LIFR-AS1	0.472656833203703
LINC02226	0.0803568471075355
MIR4458HG	0.0622887593457082
LINC01194_ENSG00000248131	0.0681700706365031
LINC02150	0.737777397021141
LINC02217	0.297742706895822
LINC02220	0.136574094727748
GDNF-AS1	0.941897840424846
LINC02102	0.0923206338616933
C5orf17	0.649186064542581
_ENSG00000248969	0.807171063792446
_ENSG00000249359	0.573875416407613
LINC02218	0.342650322239185
LINC02112	0.512171724142805
CDH18-AS1	0.625839017290262
LINC02223	0.261628028425615
_ENSG00000250155	0.184869753030536
LINC02145	0.859371285226648
CCT6P2	0.739517934774556
_ENSG00000250579	0.29280227211569
_ENSG00000250619	0.342650322239185
_ENSG00000250697	0.135094046879299
_ENSG00000250761	0.295048735240638
_ENSG00000250764	0.741259807729393
LINC02196	0.224864198944002
_ENSG00000251294	0.0430860803707062
_ENSG00000251423	
LINC02241	0.0853335624347252
_ENSG00000251654	0.0777379327377044
_ENSG00000253766	0.0479087482656453
_ENSG00000254138	0.0118746641449772
_ENSG00000261037	0.342650322239185
_ENSG00000261360	0.57335185203678
_ENSG00000271892	0.941897840424846
C1QTNF3-AMACR	0.235997172803644
_ENSG00000274441	0.188225646882172
DEPDC1B	0.504674702391583
MTREX	0.5648681223566
C6	0.478027581265682
ERCC8	0.11208000895586
ADAMTS6	0.741045727824426
PTCD2	0.105963406168172
GPBP1	0.0422438017272803
PLPP1	0.311870765223155
DHX29	0.0121249464910136
KIF2A	0.359023510650288
MAST4	0.444274782347389
FGF10	0.806667694730469
FYB1	0.72614622835437
TNPO1	0.828364536049943
OXCT1	0.420546931340825
AK6_ENSG00000085231	0.41060031956094
DIMT1	0.627693416269852
IPO11	0.849848518487105
MAP3K1	0.0591364017224264
ERBIN	0.143758607922343
GHR	0.982486126645394
HMGCS1	0.117784111966164
NNT	0.513673908018914
MRPS30	0.873280005373557
MRPS27	0.219887245877208
PDE4D	0.558237877385968
PPWD1	0.976470337639015
TRIM23	0.349714544209914
TRAPPC13	0.518082887677595
TTC33	0.557577548651718
NLN	0.807933447224315
CENPK	0.342650322239185
ZSWIM6	0.428887963339722
MAP1B	1.68325181151177e-05
MCCC2_ENSG00000131844	0.392653866636989
PRKAA1	0.723836533301215
MRPS36_ENSG00000134056	0.195736794685485
CCNB1	0.622473732127714
CDK7_ENSG00000134058	0.897270411959313
IL6ST	0.39525301387497
RPL37	0.671344107533043
OSMR	0.600234598672275
PLK2	0.92658295590007
PIK3R1	0.359350464789621
BDP1_ENSG00000145734	0.0113266703148194
GTF2H2_ENSG00000145736	0.759997294519525
SLC30A5	0.0601580450248045
BTF3	0.93148179836832
FBXO4	0.992341629352656
TMEM267	0.583373750907296
CCL28	0.018478540590437
PARP8	0.743181301897146
DDX4	0.73835742740828
PART1	0.383024894500814
RAB3C	0.0670496401168118
MARVELD2_ENSG00000152939	0.0678911271561654
RAD17_ENSG00000152942	0.087415203344087
SREK1IP1	0.952623474536521
CWC27	0.984192515674876
CENPH	0.0999054347185755
DAB2	0.345296052371122
SREK1	0.838502149034416
SETD9	0.31760878928196
MIER3	0.00372190070505292
FCHO2	0.173996783779683
ITGA2	0.640390689875374
MOCS2	0.221439318169494
ELOVL7	0.466300583632866
NDUFAF2	0.481210494925404
RNF180	0.98995510955798
NDUFS4	0.598170063976962
CARTPT	0.280730162248375
RICTOR	0.0353149783705494
ANKRA2	0.666158511341684
UTP15	0.423897014479813
ANKRD55	0.0768401651982684
HCN1	0.789784443334819
HSPB3	0.606462493213343
EMB	0.871602981939122
SMN1_ENSG00000172062	0.00984093703039682
PAIP1	0.593752497640766
C5orf34	0.31886945921481
ZNF131	0.0558005933942093
SLC38A9	0.60563943208088
NIM1K	0.294593400353666
_ENSG00000177738	0.105739192695815
ZNF366	0.504674702391583
C5orf64	0.820220760150789
SNX18	0.382811050741573
NAIPP2	0.608280459267516
PLCXD3	0.641432402579957
CCDC125_ENSG00000183323	0.977571682588236
GTF2H2C	0.874858225946013
ARL15	0.471411331823011
RGS7BP	0.32736287338557
SMIM15	0.851387676608529
_ENSG00000196302	0.344937388829715
OCLN_ENSG00000197822	0.118828697804087
SGTB	0.235288365807964
_ENSG00000198237	0.218542925246428
CCDC152	0.858216913102132
SMN2_ENSG00000205571	0.1181338038289
C5orf51	0.0175222559037774
ITGA1	0.924851971100417
ARHGEF28	0.391352650389104
C5orf67	0.941897840424846
RPL26P19	8.83374985885744e-05
GTF2H2B	0.721462056654508
OCLNP1	0.0928238196402633
_ENSG00000235558	0.375274298557661
_ENSG00000236068	0.488208148287479
_ENSG00000237705	0.136574094727748
_ENSG00000247345	0.346373468977633
_ENSG00000247796	0.942864538802018
NNT-AS1	0.213965485304214
_ENSG00000248285	0.739517934774556
_ENSG00000248475	0.62443404830482
_ENSG00000248664	0.427374403878461
_ENSG00000248898	0.573745722652265
LINC01033	0.077974598829448
_ENSG00000249085	0.458481491455982
_ENSG00000249295	0.0681700706365031
_ENSG00000249335	0.970004965150828
LINC02198	0.467295683684625
_ENSG00000249364	0.0560281543541491
_ENSG00000249436	0.113424529019162
NAIP_ENSG00000249437	0.0528861592068771
_ENSG00000249492	0.806967953611974
OSMR-AS1	0.474800830196267
_ENSG00000249743	
_ENSG00000249899	0.87353188841667
LINC02108	0.573875416407613
LINC02197_ENSG00000250387	
_ENSG00000250421	0.881315253612661
SELENOP	0.418208746548914
_ENSG00000250961	0.342650322239185
MRPS30-DT	0.341899029670922
SMIM15-AS1	0.953329975365819
_ENSG00000251307	0.0231559641075731
_ENSG00000251613	0.951940065549881
NAIPP4_ENSG00000251634	0.206551821663057
GUSBP16	0.48953048482304
_ENSG00000261604	0.226473360169224
_ENSG00000272335	0.925962183276961
_ENSG00000280187	0.218830796410528
VCAN	0.876276638924311
ZFYVE16	0.876003541304268
HEXB	0.520295321119437
RIOK2	0.463570133681977
MEF2C	7.9358728457491e-05
SCAMP1	0.00618381698384205
NUDT12	0.125105147617336
MAN2A1	0.0823683335780586
HMGCR	0.908025050055886
CERT1	0.117216036199638
PDE8B	0.196494842833712
ARSB	0.571388231031096
THBS4	0.150205600827318
MSH3	0.918170109548066
RASGRF2	0.508047199928148
POLR3G	0.410621831968755
ARRDC3	0.464885285021487
FAM172A	0.599176212965418
LNPEP	0.18758090889659
ST8SIA4	0.641102696266759
ELL2	0.00011051963907682
POLK	0.568445370415883
SV2C	0.305295187457441
COX7C	0.000635236295437073
CKMT2	0.630182446331077
ZCCHC9	0.922214749510724
DMGDH	0.425395382050615
BHMT2	0.85451056504589
AP3B1	0.664528192653577
ZBED3	0.0944830763404648
SLF1	0.995538154581089
CCNH	0.501846986725326
HAPLN1	0.64701197506561
LHFPL2	0.637545854679136
SSBP2	0.00729073330443189
BHMT	0.48953048482304
ANKRD31	0.273764149168275
IQGAP2	0.0867203212921401
CRHBP	0.117562405233328
RASA1	0.652881434038577
LIX1	0.0407445488008857
GIN1	0.33733303650766
PPIP5K2	0.339092743915783
PAM	0.857806137045125
FBXL17	0.246751172748173
SPATA9	0.871174438799953
FER	0.830638612708009
ATG10	0.870747242845098
POC5	0.415365398063385
FAM151B	0.440794976351932
JMY	0.954128362618068
HOMER1	0.0102849158942575
XRCC4	0.513126301526276
CAST	0.0509535639537904
CETN3	0.307859686443386
CHD1	0.00420759764526531
EDIL3	0.386982645198086
TMEM161B	0.617482770081629
ADGRV1	0.592216799961112
SLC25A46	0.659500199807507
AGGF1	0.233998035329243
WDR41	0.779557207643003
ARSK	0.62886979720971
RHOBTB3	0.0806332943351737
SERINC5	0.885677940837863
ERAP1	0.848501506484506
ERAP2	0.63572861526078
CMYA5	0.310176746053745
TENT2	0.253175463037968
NSA2	0.55070657040977
GFM2	0.962229466954457
TBCA	0.278571561991494
ENC1	0.302117861307954
S100Z	0.269764307338589
ACOT12	0.505308522423654
GLRX	0.611967224991417
SLCO4C1	0.0776198192595492
FAM174A	0.604590151205024
RGMB	0.996974876601674
TMEM167A	0.0311484502070849
PCSK1	0.531401337369318
RFESD	0.0681700706365031
MCTP1	0.226736663958164
NR2F1	0.323193576660322
LYSMD3	0.532897896188336
MBLAC2	0.469443511659911
GCNT4	0.893280863844027
MTX3	0.632817646329846
F2R	0.369189293096344
C5orf30	0.117390871377287
EFNA5	0.899227721790908
KIAA0825	0.748004756452398
RPS23	0.389623257729826
TMEM232	0.371722068070613
ANKDD1B	0.0222352349371383
TTC37	0.35390730219929
FAM169A	0.128770745788903
PJA2	0.761758236145598
ATP6AP1L	0.70839868894843
RBMX2P5	0.203466850489067
DHFR	0.988737891377348
NR2F1-AS1	0.674080306259996
_ENSG00000238000	0.843429916225358
_ENSG00000242477	0.641295836797941
RPL5P17	0.634215092935757
LINC00461	0.662774768994521
SCAMP1-AS1	0.636924057131492
MEF2C-AS2	0.616042833889456
_ENSG00000247121	0.2932502984681
CKMT2-AS1	0.589985828013305
TMEM161B-AS1	0.539419712288078
_ENSG00000247877	0.0102926101621637
LINC02234	0.574989037181113
MEF2C-AS1	0.201526712921612
LINC02062	0.234068169967857
LINC01331	0.855965787926627
_ENSG00000249042	0.326815644691168
_ENSG00000249061	0.152425292730409
_ENSG00000249068	0.942864538802018
_ENSG00000249175	0.941897840424846
_ENSG00000249776	0.824537743451499
_ENSG00000249825	0.266706162523765
_ENSG00000249856	0.152996293448516
_ENSG00000249984	
_ENSG00000250049	0.692268974791497
LINC02060	0.0134578803068842
_ENSG00000250258	0.29280227211569
EDIL3-DT	0.00286288657066351
LINC01340	0.802332933315446
_ENSG00000250383	0.941897840424846
LINC02161	0.918891751183636
ZBED3-AS1	0.560356996560486
LINC01950	0.513043998703905
_ENSG00000251314	0.14571553438286
RASGRF2-AS1	0.29280227211569
LIX1-AS1	0.879587284419133
_ENSG00000251574	0.813523031521721
_ENSG00000251675	0.178582715691583
_ENSG00000271904	0.00470449142286562
ARRDC3-AS1	0.324735865386449
FAM13B	0.347509682126221
JADE2	0.963120602845827
CTNNA1	0.814726027747711
YTHDC2	0.130516862341467
FSTL4	0.19648413958177
PRDM6	0.226473360169224
WNT8A	0.179303947260563
SLC12A2	0.731657803133825
SNX24	0.144840503056627
SNCAIP	0.653365612264027
ISOC1	0.567318992387922
TRPC7	0.136574094727748
AFF4	0.802196584988466
P4HA2	0.382490965960237
PKD2L2	0.762346638420847
KCNN2	0.938288839418563
TCF7	0.944076759536827
SEMA6A	0.731697502878674
CDC23	0.904175503946477
NME5	0.0703175986836771
BRD8	0.407964965756884
HSPA9	0.00981130368764659
LMNB1	0.626126534592971
SLC27A6	0.624501927001848
RAD50	0.0287696151588048
SKP1	0.00666459038605303
C5orf15	0.535294415221005
SEC24A	0.905350798138628
TXNDC15	0.775782557176868
MACROH2A1	0.180917283284556
SMAD5	0.366392511679501
UBE2B	0.0320775946756059
ETF1	0.970229759520247
TGFBI	0.941897840424846
FAM53C	0.350427437631484
SIL1	0.653461606682218
PAIP2	0.586299500491743
MYOT	0.104714492080352
KDM3B	0.500051394816223
EGR1	0.0248133351650921
IRF1	0.00663330734995209
EPB41L4A	0.854129916469236
CDO1	0.411925971697374
REEP5	0.34937979980075
KIF3A	0.97378920336736
REEP2	0.1701340942933
PCBD2	0.72080503340628
HSD17B4	0.937816644698233
APC	0.463365196035
NREP	0.218849519219105
WDR36	0.433222733499127
FBN2	0.574574457467232
TNFAIP8	0.738937606760991
FEM1C	0.487990577994335
COMMD10	0.686794786693465
ATG12	0.369937274687959
MEGF10	0.113387153568703
ADAMTS19	0.535297995425603
CXCL14	0.384113178202002
SLC25A48	0.0880938539287694
DDX46	0.0972280533179674
LRRTM2	0.0136000694490722
KLHL3	0.130232953252036
CSNK1G3	0.947635569614655
SRFBP1	0.575030126289537
SPOCK1	0.140280626774166
CAMK4	0.946532658321629
TRIM36	0.672094884096703
SAR1B	0.203718576555724
GRAMD2B	0.539707497478732
ZCCHC10	0.0301510621522474
CDC25C	0.394875378333402
CDC42SE2	0.625268392987717
RAPGEF6	0.651487723143004
STARD4	0.0345704778477246
PGGT1B	0.608917622505359
CCDC112	0.597839229477237
C5orf63	0.745749633657244
PRRC1	0.0196384238508881
ACSL6	0.652786545998453
SEPTIN8	0.65916169507866
SHROOM1	0.486706082896735
UQCRQ	4.04416168291248e-06
CAMLG	0.371773246837928
FBXL21P	0.571782519410272
PHAX	0.51611020081037
ALDH7A1	0.868164738994108
ZNF608	0.404746784657928
CEP120	0.179337288780802
HINT1	2.19947374479401e-08
DTWD2	0.287785264056702
SPATA24	0.626126534592971
HSPA4	0.481761025555339
MCC	0.99819482447068
DCP2	0.513401070033254
DMXL1	0.384227412665724
LVRN	0.179303947260563
MARCHF3	0.258432892628689
HNRNPA0	0.117848593289347
AP3S1	0.101689513872479
C5orf24	0.263742163494121
PRR16	0.491714684480964
_ENSG00000185641	0.0319294417575764
LYRM7	0.630659616356353
SLC22A4	0.0012829837377736
SLC22A5	0.874824585458699
IRF1-AS1	0.00518393775344565
PTMAP2	8.76190581717272e-05
CHSY3	0.249587505435726
SOWAHA	0.316068898167951
CTXN3	0.29280227211569
SNX2	0.378961908586039
VDAC1	0.277710459563342
BOLA3P3	0.281193282628809
TH2LCRR	0.860152074075262
_ENSG00000223652	
EPB41L4A-AS1	0.644897496294806
C5orf66	0.0783818477968477
_ENSG00000229855	0.884195188280769
CCDC192	0.860018644592268
_ENSG00000230612	0.854689465535099
_ENSG00000232633	0.228866795938034
MIR3936HG	0.48088119660724
_ENSG00000234758	0.0118746641449772
CDKN2AIPNL	0.490888514631664
P4HA2-AS1	0.607371172647286
_ENSG00000242814	0.0119471671958224
_ENSG00000244192	0.81777292324131
LINC01184	0.306857324241731
_ENSG00000246316	0.203697972693334
STARD4-AS1	0.76104022608926
_ENSG00000248245	
_ENSG00000248268	0.344578962984235
SEMA6A-AS1	0.891183512177397
_ENSG00000248752	0.218542925246428
_ENSG00000248927	0.29280227211569
_ENSG00000249112	0.153626828003877
_ENSG00000249249	0.135577829532677
_ENSG00000249426	0.179303947260563
_ENSG00000249494	0.385575032709423
_ENSG00000249593	0.57335185203678
LINC02147	0.625839017290262
_ENSG00000249916	0.931855734116948
_ENSG00000250015	0.131257401844565
NREP-AS1	
_ENSG00000250159	0.237421469104348
_ENSG00000250167	0.274205220072447
_ENSG00000250244	0.342650322239185
_ENSG00000250328	0.855965787926627
_ENSG00000250602	0.271245778437325
_ENSG00000250603	0.136574094727748
_ENSG00000250994	0.573875416407613
LMNB1-DT	0.313051904755532
_ENSG00000251076	0.488208148287479
TMED7-TICAM2	0.813880081493716
_ENSG00000251293	0.789709387301697
LINC02201	0.308460405727021
_ENSG00000251680	0.849174870787258
_ENSG00000253613	0.393188147716319
LINC01170	0.917159484615921
_ENSG00000258864	0.152683730515748
LINC02240	0.898900525755339
_ENSG00000260686	
_ENSG00000271918	0.282585753911467
_ENSG00000272772	0.328125221297871
_ENSG00000273345	0.234086782495114
_ENSG00000279118	0.0315746764531719
_ENSG00000280987	0.881315253612661
SLC6A7	0.942102339020165
RNF14	0.11240363307788
CD74	0.852924576957528
MFAP3	0.388646145168094
SOX30	0.918209685830619
FAM114A2	0.768204398895416
CYFIP2	0.179259231212353
NDST1	0.457160896382474
CAMK2A	0.113904723816155
TCOF1	0.721105726787476
DELE1	0.566973367867416
MRPL22	0.327077837766912
GEMIN5	0.505030838474428
FAT2	0.136574094727748
RBM22	0.810844877169319
HARS2	0.344937388829715
PFDN1	0.568585181940603
HBEGF	0.572503683533664
SLC4A9	0.179303947260563
APBB3	0.211841386646762
TMCO6	0.202544270817834
SPARC	0.439820560696877
IK	0.00491185326506481
PCDHB3	0.580344930213507
PCDHB15	0.269493119016605
HAVCR1	0.919573876223222
ITK	0.179303947260563
THG1L	0.898900525755339
CLINT1	0.578723012310539
TTC1	0.805741130772331
GNPDA1	0.629738747984428
FGF1	0.0611676489174611
NR3C1	0.212120901373827
TCERG1	0.296958018012274
DPYSL3	0.593806543829436
CSNK1A1	0.990243481457827
HMGXB3	0.057491370950333
PDGFRB	0.0354913617883321
ATP10B	0.527693551500963
CYSTM1	0.0709228339249498
WDR55	0.0394485239838301
ARAP3	0.269865965127032
PCDHB10	0.467466741049256
PCDHB14	0.318238715312251
PCDHB12	0.900011747894475
SLC36A1	0.725084636782596
NDUFA2	0.895486784035421
DIAPH1	0.296528712437572
NDFIP1	0.198653114204791
UBE2D2	0.107786159365447
DCTN4	0.217050562213244
PDE6A	0.269493119016605
LARS1	0.11748372016581
SPINK5	0.918209685830619
ADAM19	0.82981621909917
HAVCR2	0.750558915954131
CCNJL	0.726122426426712
YIPF5	0.867367341374175
ARHGAP26	0.0810077429922099
RNF145	0.00986831155148858
C1QTNF2	0.136574094727748
GABRA6	0.739517934774556
GABRB2	0.807274497792753
FBXO38	0.778996065963928
PCYOX1L	0.0125567664535046
GLRA1	0.573875416407613
TNIP1	0.279696075473183
G3BP1	0.871383705851411
PSD2	0.101916197733634
ZMAT2	0.617983163665826
LARP1	0.0290792704191584
CNOT8	0.714470061271383
GRIA1	0.860694447864337
PPARGC1B	0.207380054655934
SLC26A2	0.650469285063177
LSM11	0.0815677052802527
PCDH1	0.843673177895348
SH3RF2	0.203235919259751
PPP2R2B	0.411729384425748
AFAP1L1	0.0351495450235954
NRG2	0.635528514007927
HTR4	0.426107980120578
GRPEL2	0.280151982436224
TIGD6	0.609190351942015
EBF1	0.0210433851195286
UBLCP1	0.412850900625523
GALNT10	0.631083650621412
SAP30L	0.780535802049831
RPS14	0.00604995896201258
MYOZ3	0.0999054347185755
SLU7	0.0439954777930458
PTTG1	0.202544270817834
RELL2	0.304383189456373
SH3TC2	0.218400369530693
STK32A	0.990840048695018
ADRA1B	0.408132064105401
FABP6	0.270463044630098
PWWP2A	0.598133530627148
FAXDC2	0.0257362093820836
HARS1	0.721120521423329
CD14	0.154051735948791
DNAJC18	0.00390626973426256
SGCD	0.465743790017733
CXXC5	0.835434108001042
HDAC3	0.590368855595776
SYNPO	0.134333674867257
FNDC9	
ABLIM3	0.743701169137523
PLAC8L1	0.461589954936909
JAKMIP2	0.568316275071649
SLC35A4	0.814171977203431
ATOX1	0.0642393447317916
TAF7	0.308326552822442
CSF1R	0.706765030767175
IGIP	0.0593040682881533
ARHGEF37	0.799337493231555
KCTD16	0.0736946537690192
STING1	0.0681700706365031
PURA	0.839484639777737
PRELID2	0.122170127721889
PCDHB13	0.269493119016605
SPRY4	0.649236573911394
GM2A	0.34403584029288
ANXA6	0.234274429345117
FCHSD1	0.731474541740033
CCDC69	0.0999054347185755
SPINK9	0.858216913102132
PCDHGA1	0.510923215694978
PCDHA1	0.342650322239185
GPX3	0.225688063871001
SRA1	0.357906754153153
RPL7P1	0.0548805940430109
ZBED8	0.642663927797316
_ENSG00000223908	0.423266544674685
ARHGAP26-AS1	0.495010274337152
_ENSG00000228737	0.248433188820017
SPRY4-AS1	0.436356393434261
LINC01844	0.269865965127032
MALINC1	0.942864538802018
SAP30L-AS1	0.494238892809068
_ENSG00000247199	0.898146776264693
GAPDHP40	0.0839887380061697
CLMAT3	0.0118746641449772
_ENSG00000249429	0.917527680662566
LINC01470	0.0679858939683827
_ENSG00000249526	0.995108096009961
_ENSG00000249637	0.169701950199162
_ENSG00000249738	0.131436833667473
_ENSG00000249881	0.926407072558592
SH3TC2-DT	0.155118464321787
STK32A-AS1	0.269493119016605
_ENSG00000250407	0.739517934774556
_ENSG00000250842	0.809689103098638
_ENSG00000251405	0.607825740129801
_ENSG00000251556	0.0214061272159983
GRPEL2-AS1	0.858216913102132
_ENSG00000253653	0.490413112538656
_ENSG00000253673	0.136574094727748
_ENSG00000253897	0.48864871297649
_ENSG00000253965	0.625136362550862
_ENSG00000253980	0.0681700706365031
_ENSG00000254099	0.397443792211714
LINC01933	0.426107980120578
NDST1-AS1	0.131078159999377
_ENSG00000254363	0.361791739233282
_ENSG00000254373	0.196478059677971
ANKHD1-EIF4EBP3	0.269806307901096
DND1	0.967996772376445
_ENSG00000270442	0.269493119016605
_ENSG00000272154	0.561450109492905
_ENSG00000275740	0.847419799781898
_ENSG00000277795	0.917527680662566
_ENSG00000279047	0.505308522423654
_ENSG00000279726	0.475093015973738
_ENSG00000279983	0.0192747496158747
_ENSG00000280029	0.0717057384157919
_ENSG00000280047	0.394199961359589
JAKMIP2-AS1	0.365148085635062
SERPINB1	0.11827699332087
GABRA1	0.188077212716843
B4GALT7	0.779567257831945
RPL26L1	0.569708320216168
MAT2B	0.670167264032314
SPDL1	0.856866098435128
LCP2	0.925990155413584
TSPAN17	0.0172560579159418
NOP16	0.46549459318642
MAPK9	0.0482772607582146
COL23A1	0.0921916015454986
THOC3	0.562349967885223
HMMR	0.136574094727748
STK10	0.634241039150905
FBXW11	0.659751101973773
CDHR2	0.949460506024894
SNCB	0.945342639369633
ADAMTS2	0.685812423713288
UIMC1	0.491847644358752
DUSP22	0.77188521323046
EXOC2	0.414099201520143
GMDS	0.799324279571775
PRPF4B	0.0307831278336345
FAF2	0.952390550158862
CLK4	0.0325621450233253
RNF130	0.979301350409616
CNOT6	0.0358686126858681
GABRG2	0.63291136676541
CCNG1	0.0381484366747836
RARS1	0.209844239257399
WWC1	0.345667562951333
ERGIC1	0.599076090699528
ATP6V0E1	0.671731120391305
BNIP1	0.325956856983962
CPEB4	0.000617135076448636
HRH2	0.572305403327207
DBN1	0.337837672805149
ZNF346	0.16709520496524
UNC5A	0.264258862707991
DUSP1	1.74679254705514e-10
PANK3	0.493936676210069
KIAA1191	0.082911521238401
WRNIP1	0.305645676683688
SERPINB6	0.812728059393493
NQO2	0.106490351837449
CANX	0.395113387803723
F12	0.460055931866253
PRR7	0.426288520497758
MGAT1	0.35403279162637
GFPT2	0.0510462373546698
DOCK2	0.951945918929304
SLC22A23	0.0654331163742177
TUBB2A	1.03370460723976e-05
BPHL	0.772854548563752
RIPK1	0.00341132115977673
TUBB2B	0.802217190328004
N4BP3	0.136574094727748
NHP2	0.00893114340453656
RMND5B	0.680367275541859
BOD1	0.791926737317551
CPLX2	0.00957977887056768
TENM2	3.08506273975177e-05
KCNMB1	0.203697972693334
MYLK4	0.202774629484614
FAM217A	0.951585813710727
TRIM41	0.867690532731109
FAM193B	0.131924663052697
RNF44	0.605775234450498
RASGEF1C	0.419180527727468
DOK3	0.626532970601081
FGF18	0.504674702391583
HK3	
MRNIP	0.00446504104340763
SQSTM1	0.982724626414344
MGAT4B	0.419647750682829
MAML1	0.275285263449419
LINC01600	0.764810411102243
CREBRF	0.0258018793182429
SFXN1	0.0456107807813213
NSD1	0.971032434185852
BTNL9	0.942864538802018
UBTD2	0.568624060837262
PXDC1	0.0544818430845321
HNRNPH1	0.523663600269816
ZNF354A	0.998907480219676
RGS14	0.740098411144003
LMAN2	0.712417725014008
RAB24	0.648606008101535
PRELID1	0.510798040888378
GPRIN1	0.799639972248094
FAM153A	0.288330833968785
SIMC1	0.0501451598281715
_ENSG00000170089	0.640659806500759
NSG2	0.516724041642932
SERPINB9	0.581696733469033
NUDCD2	0.104705950812379
SH3PXD2B	0.180871645459641
PHYKPL	0.964834671258503
ARL10	0.237903240805225
CLTB	0.00828629932175414
EIF4E1B	0.131436833667473
RUFY1	0.122950022439149
ZNF354C	0.846437588155402
ZNF454	0.461589959548805
ZNF354B	0.928795307257388
PSMG4	0.567878069776875
NPM1	0.195182442625247
KCNIP1	0.00179419437653948
FAM153B	0.93742739866322
DDX41	0.947401006649753
TRIM52	0.591735436091015
SLIT3	0.26362384580945
TMED9	0.017269982064011
DRD1	0.917527680662566
FBLL1	0.203604701578834
ZFP62	0.760705456711409
PDLIM7	0.121888407358022
TBC1D9B	0.723622832987233
HNRNPAB	0.506137481844624
GRK6	0.700625258810359
ECI2	0.805594722405873
ZFP2	0.282179912941031
RACK1	0.993554487601254
CBY3	0.488208148287479
FAM153CP	0.807230653462754
LINC01951	0.574923224124175
RANBP17	0.0296524774148089
INSYN2B	0.503581698970929
MXD3	0.993242591216436
NEURL1B	0.922576066213867
_ENSG00000218227	0.0565906539723082
_ENSG00000228170	0.854615673932296
_ENSG00000228793	0.11827699332087
_ENSG00000229119	0.945806123429422
_ENSG00000230648	0.897234064812077
RPL10P9	0.617112414349749
_ENSG00000233937	0.585119660089827
ZNF879	0.369647602289817
_ENSG00000238035	0.144003921875799
_ENSG00000241956	0.800853621774619
LINC01011	0.625839017290262
_ENSG00000244945	0.46119025667056
LINC00847	0.573875416407613
_ENSG00000246596	0.875888442653135
_ENSG00000247679	0.0476862955999883
_ENSG00000248222	0.29280227211569
_ENSG00000248367	0.478562201269622
_ENSG00000248469	0.0778561925533489
_ENSG00000248596	0.513690177799382
_ENSG00000249109	0.269493119016605
LINC01411	0.727756578758203
_ENSG00000249849	0.942864538802018
_ENSG00000250101	0.918209685830619
_ENSG00000250222	0.380051608663127
AACSP1	0.869032292824817
GMDS-DT	0.199068878300094
_ENSG00000250909	0.625839017290262
_ENSG00000251458	0.29280227211569
_ENSG00000251623	0.29280227211569
_ENSG00000251670	0.317294132969865
LINC02143	0.136574094727748
_ENSG00000253683	0.528370931138292
LINC01484	0.625839017290262
_ENSG00000253693	0.207877777492166
_ENSG00000253785	0.574399207174012
_ENSG00000253925	0.120405732127284
_ENSG00000254035	0.40568041166728
_ENSG00000254171	0.269865965127032
_ENSG00000254187	0.919573876223222
_ENSG00000271727	0.465213235706885
_ENSG00000271911	0.849222907050443
HEIH	0.79453753795402
LINC01202	0.0333456729384246
MYLIP	0.516953066302952
JARID2	0.448452236142877
RANBP9	0.935838653770103
BTN3A1	0.954420090431221
DTNBP1	0.0171953374726278
MCUR1	0.330605673210499
EDN1	0.130720245790407
CARMIL1	0.198201471343364
HIVEP1	0.623165551341406
ZNF184	0.450895048830123
BTN3A3	0.608280459267516
TDP2	0.360587155012764
MAK	0.116544884698042
TMEM14C	0.850320300394762
PAK1IP1	0.254552232936997
GCNT2	0.811603530587822
NEDD9	0.12837684274866
ADTRP	0.202774629484614
RIPOR2	0.255867293562659
PHACTR1	0.686963486034846
CD83	0.915965045909505
RBM24	0.1181338038289
CAP2	0.251665492790877
E2F3	0.908974547732117
GPLD1	0.299417887498999
ALDH5A1	0.0975880089039373
ACOT13	0.822854830341405
C6orf62	0.0147937864872913
GMNN	0.127493580331574
BTN2A1	0.022001659286077
LY86	0.952229919561404
F13A1	0.700891923956387
SIRT5	0.483476351276348
MRS2	0.744684491938584
ZNF391	0.39184151300909
SOX4	0.64342232398534
RREB1	0.010482488168859
SSR1	0.709849578470456
RIOK1	0.669625271695045
NRN1	0.00100856660311293
SLC35B3	0.285061475674437
RPP40	0.018478540590437
ATXN1	0.169591493473399
NUP153	0.811487412803217
DEK	0.289666372941403
KIF13A	0.166272180277614
ZSCAN9	0.770897863716522
GMPR	0.0149734436290074
KIAA0319	0.599461412197631
PGBD1	0.363275151685852
TPMT	0.631539475125822
RNF144B	0.653640252178186
FAM8A1	0.0304497654730686
TBC1D7	0.0344785379408188
FARS2	0.686119640014282
GFOD1	0.580445098728573
CDKAL1	0.179052610930434
DCDC2	0.377796675895613
ABT1	0.424869452775339
NRSN1	0.0334416893200237
CDYL	0.762428505199128
SYCP2L	0.0544795385430484
BMP6	0.504041301712958
H2BC5	0.194762556460605
ZSCAN12	0.835012384991416
KDM1B	0.552235890040119
CMAHP	0.691301340460783
SNRNP48	0.272759887122757
MBOAT1	0.219118939830537
ID4	1.35594696836443e-06
RNF182	0.215173314473108
H2AC6	0.366259256483566
ZNF322	0.0517314770372957
OFCC1	0.1224026508539
HMGN4	0.203005178945075
BTN3A2	0.489089491859393
ZKSCAN4	0.179303947260563
ZSCAN23	0.136236085433321
NKAPL	0.38732011114754
ZKSCAN3	0.574160019255973
H4C3	0.345948021706988
ELOVL2	0.851774260326329
ZKSCAN8	0.541704134346761
ZNF204P	0.797656840695495
TMEM170B	0.593670087531876
RPL15P3	0.269493119016605
LYRM4	0.540485762927337
LY86-AS1	0.848011580619883
ZNF603P	0.0550659392647486
_ENSG00000217239	0.0784263656053855
SMIM13	0.964729381815341
LINC00240	0.926317379148523
NOL7	0.0416320506739323
_ENSG00000227803	0.203929285932752
HCG11	0.344578962984235
ELOVL2-AS1	0.576648768959289
STMND1	0.504674702391583
_ENSG00000233064	0.29280227211569
_ENSG00000233358	0.182882583856381
_ENSG00000233656	0.0778561925533489
H2BC15	0.57335185203678
_ENSG00000233848	0.229505571398202
_ENSG00000234261	0.312923650594649
ZSCAN31	0.39191603136676
_ENSG00000238221	0.518009790981326
GUSBP2	0.674135819591209
_ENSG00000247925	0.770358321171209
BLOC1S5-TXNDC5	0.64752309386762
NBAT1	0.505308522423654
_ENSG00000261584	0.840734311261517
ZSCAN16-AS1	0.682461511451538
_ENSG00000270174	0.249139121725549
_ENSG00000271978	0.151748956910251
_ENSG00000272009	0.631295969701419
_ENSG00000272097	0.918209685830619
_ENSG00000272162	0.707133855259699
CASC15	0.357190317957523
_ENSG00000272341	0.505308522423654
_ENSG00000272462	0.342650322239185
_ENSG00000276302	0.268748487602895
H2BC3	0.488080071557154
_ENSG00000280107	0.136574094727748
LINC00581	0.29280227211569
_ENSG00000281706	
DEF6	0.203466850489067
BAK1	0.229811245436376
TAF11	0.874864233281697
ANKS1A	0.344860367690564
ZNF76	0.972376859016595
UHRF1BP1	0.826896085066334
ZNRD1_ENSG00000066379	0.134977880785634
FKBP5	0.987664736921891
SRPK1	0.355233320292319
BRPF3	0.425619778692111
ITPR3	0.88563573209727
PPARD	0.4614718459636
SLC26A8	0.652749455563413
MAPK14	0.81506915140223
KCTD20	0.84800674574363
STK38	0.410158174431325
SRSF3	0.042947991303976
SLC39A7_ENSG00000112473	0.835246951832813
PHF1_ENSG00000112511	0.255279766188024
CUTA_ENSG00000112514	0.0450069748979657
GRM4	0.856866098435128
PACSIN1	0.0441030088537709
SNRPC	0.0970897171309116
UQCC2	0.787019408945
HMGA1	0.277924368055278
FLOT1_ENSG00000137312	0.0109462354145495
IER3_ENSG00000137331	0.204738168462694
MDC1_ENSG00000137337	0.710842199119232
ATAT1_ENSG00000137343	0.873555145893541
VARS2	0.213767063581591
PPP1R18_ENSG00000146112	0.308233601531629
SCUBE3	0.130899108018987
MAPK13	0.394199961359589
LEMD2	0.907276158363219
C2_ENSG00000166278	0.571676367409777
TAP1_ENSG00000168394	0.728073759191416
TNXB_ENSG00000168477	0.0655461515827698
PXT1	0.872031562771394
HLA-DQB1_ENSG00000179344	0.342650322239185
PNPLA1	0.29280227211569
SMIM29	0.23424393287537
HLA-DRB1_ENSG00000196126	0.0776198192595492
TUBB_ENSG00000196230	0.0297991855158397
ILRUN	0.407316142680061
SYNGAP1_ENSG00000197283	0.130944548308588
LHFPL5	0.0780931516889751
RPL10A	0.000100402204723351
CLPSL1	0.918209685830619
GGNBP1	0.570849620222499
DAXX_ENSG00000204209	0.648676272829609
PFDN6_ENSG00000204220	0.737206024027354
RING1_ENSG00000204227	0.0279054134955418
RXRB_ENSG00000204231	0.364011787714602
COL11A2_ENSG00000204248	0.627557287790673
BRD2_ENSG00000204256	0.95645823045449
HLA-DMA_ENSG00000204257	0.951408690775599
TSBP1_ENSG00000204296	0.425369584149434
RNF5_ENSG00000204308	0.0200130114572077
AGPAT1_ENSG00000204310	0.110110409836183
PRRT1_ENSG00000204314	0.133159316974387
STK19_ENSG00000204344	0.240461874105615
DXO_ENSG00000204348	0.321500763679426
SKIV2L_ENSG00000204351	0.993018897478465
NELFE_ENSG00000204356	0.612693091341282
EHMT2_ENSG00000204371	0.933539722238086
NEU1_ENSG00000204386	0.00923272533187119
SNHG32_ENSG00000204387	0.00540193597907982
HSPA1B_ENSG00000204388	3.13988615339595e-23
HSPA1A_ENSG00000204389	5.91744740106667e-31
LSM2_ENSG00000204392	0.332723611186806
VARS1_ENSG00000204394	0.802759882314521
VWA7_ENSG00000204396	0.62443404830482
LY6G5C_ENSG00000204428	0.203466850489067
GPANK1_ENSG00000204438	0.627125630392158
C6orf47_ENSG00000204439	0.922576066213867
BAG6_ENSG00000204463	0.940122856612451
PRRC2A_ENSG00000204469	0.695086259923538
NFKBIL1_ENSG00000204498	0.719134227426006
HLA-C_ENSG00000204525	0.118383099341317
CCHCR1_ENSG00000204536	0.337598477366911
PSORS1C1_ENSG00000204540	0.918209685830619
DHX16_ENSG00000204560	0.0768401651982684
C6orf136_ENSG00000204564	0.519957262732618
MRPS18B_ENSG00000204568	0.667269888317296
PPP1R10_ENSG00000204569	0.988424716873705
ABCF1_ENSG00000204574	0.00404018734087928
PRR3_ENSG00000204576	0.850216722951035
DDR1_ENSG00000204580	0.718401971900954
GNL1_ENSG00000204590	0.115448883477391
HLA-E_ENSG00000204592	0.188799561194424
PPP1R11_ENSG00000204619	0.079633138450334
ZNRD1ASP_ENSG00000204623	0.963360001066892
HLA-F_ENSG00000204642	0.227298859777642
MOG_ENSG00000204655	0.914981971261602
GABBR1_ENSG00000204681	0.260689977530088
TRIM27_ENSG00000204713	0.947520969139652
HCP5_ENSG00000206337	0.00759735011056414
HCG27_ENSG00000206344	0.46549459318642
HLA-A_ENSG00000206503	0.564916905911004
ATF6B_ENSG00000213676	0.312202540010996
DDAH2_ENSG00000213722	0.937594997009291
LINC00243	0.136574094727748
HLA-F-AS1_ENSG00000214922	0.469726284262376
_ENSG00000219023	0.638277377956052
RPL35P2	0.907891472170709
_ENSG00000220643	0.179303947260563
VPS52_ENSG00000223501	0.709808101311358
HLA-DPB1_ENSG00000223865	0.644033231957032
MDC1-AS1_ENSG00000224328	0.0423267713008955
HLA-DPB2_ENSG00000224557	0.342650322239185
_ENSG00000225339	0.709812057176015
WDR46_ENSG00000227057	0.916731741823937
RPS18_ENSG00000231500	0.149897133134858
TAPBP_ENSG00000231925	0.662064227628674
ZBED9_ENSG00000232040	0.179303947260563
HCG25_ENSG00000232940	0.463530327978495
TRIM26_ENSG00000234127	0.843965971068086
SAPCD1-AS1_ENSG00000235663	0.0999054347185755
B3GALT4_ENSG00000235863	0.858216913102132
ZBTB22_ENSG00000236104	0.467466741049256
HLA-DPA3_ENSG00000237398	0.573875416407613
RGL2_ENSG00000237441	0.95242379981579
KIFC1_ENSG00000237649	0.018478540590437
PSMB9_ENSG00000240065	0.419638851361706
HLA-L_ENSG00000243753	0.830306745459255
_ENSG00000246982	0.517798026738763
ATP6V1G2-DDX39B	0.572828514272951
HCG17_ENSG00000270604	0.636094817965685
RPS10-NUDT3	0.653331264212027
_ENSG00000272288	0.509171174944263
NUDT3	0.88708852047163
_ENSG00000272501	0.392177909068904
SYNGAP1-AS1	0.137817885846507
GCLC	0.0303523945780612
NFYA	0.826022492094198
ENPP4	0.543446537930478
ELOVL5	0.637725550846479
UBR2	0.344055664563696
CENPQ	0.963694201796115
CUL7	0.238882008094133
MRPS10	0.773763225957945
TRAM2	0.0330301082213443
TBC1D22B	0.32243163606229
ADGRF5	0.100822843929459
FAM135A	0.108091781280932
COL19A1	0.414698638211407
MRPS18A	0.304210796672145
TMEM14A	0.0251404695059448
EFHC1	0.00514616806087593
HSP90AB1	0.35347649085074
CDC5L	0.148433428960179
RHAG	
MCM3	0.494888396775705
RNF8	0.0251926284769959
MDGA1	0.5368788921786
ICK	0.0297122481240741
FBXO9	0.501173381809421
SAYSD1	0.98093067855019
ZNF451	0.628072999793328
BAG2	0.180369401211048
RAB23	0.179990258094325
KHDRBS2	0.723848601309842
PTP4A1	0.500839548432662
COL9A1	0.09445209033854
SMAP1	0.0275411474540634
MDFI	0.62443404830482
TFEB	0.225267112871235
CCND3	0.671420626430385
BYSL	0.0388803463126845
GUCA1B	0.00244721915885938
PRPH2	0.90056743260908
BICRAL	0.476865749845625
PPP2R5D	0.582398110878304
MRPL2	0.637539554567018
PTK7	0.199683533915173
SRF	0.524374584083676
CUL9	0.614243649216936
DNPH1	0.669383513279209
VEGFA	0.493214277674331
SLC29A1	0.831986641772637
CLIC5	0.460055931866253
ENPP5	0.353896260555012
PHF3	0.402537095478648
TRERF1	0.312479424096482
RRP36	0.514019354389564
XPO5	0.243488808192359
ABCC10	0.901066423180075
PEX6	0.586548999010665
_ENSG00000124593	0.0335651909420408
OARD1	0.209533234898164
AARS2	0.636869854529875
MOCS1	0.345999574327072
MED20	0.450895048830123
TBCC	0.88323503809014
MAD2L1BP	0.685812423713288
KLHDC3	0.428796209945921
DNAH8	0.330551177384438
MEA1	0.000379472563753251
COL21A1	0.539508337843989
CDKN1A	0.330772292952281
GLO1	0.74557057103138
CPNE5	0.430561566460382
RUNX2	0.512782320655957
ADGRB3	0.00342487219510103
CNPY3	0.489261311681271
FOXP4	0.968157832901744
PPIL1	0.650318941745067
KLC4	0.871299461908692
PIM1	0.0210433851195286
CMTR1	0.354640827181723
YIPF3	0.478902888229864
TMEM63B	0.157109608587598
FRS3	0.8186719136389
TJAP1	0.88586518212993
TINAG	0.342650322239185
HCRTR2	0.895333065007893
LRRC1	0.219649139648526
MTCH1	0.854880039180356
TAF8	0.517692364840687
PLA2G7	0.942864538802018
TNFRSF21	0.197837491918197
MMUT	0.0566227235376029
DAAM2	0.811378039480163
PRIM2	0.78046068196844
MLIP	0.340406565279617
HMGCLL1	0.237239691676502
FGD2	0.178988954840041
CRIP3	0.648606008101535
TTBK1	0.603802933068201
TCTE1	0.941897840424846
RPL7L1	0.0280058288115091
NFKBIE	0.574989037181113
CYP39A1	0.1292194260861
DST	0.000136329708230687
BEND6	0.756913560559701
SLC25A27	0.356168382947395
SDHAF4	0.503787448734064
LRFN2	0.259373009005948
ZFAND3	0.193058115464084
SLC35B2	0.741475877146049
ADCY10P1	0.0467144240628849
PI16	0.651314370023724
KIF6	0.184978445135334
USP49	0.851167641140754
KIAA1586	0.989111838277205
LMBRD1	0.859095092929699
POLH	0.508934832420966
GSTA4	0.699940843847248
PAQR8	0.0810438102559217
PKHD1	0.895743589758376
POLR1C	0.44218806472488
DLK2	0.0421290659315407
ZNF318	0.502368810398141
RCAN2	0.609750435957066
RSPH9	0.423581710939803
GTPBP2	0.39479613022528
TMEM217	0.825383967364972
TDRD6	0.608735329918843
_ENSG00000180211	0.604707486888365
MRPL14	0.204565482513802
RPL24P4	0.187797178936262
BTBD9	0.73040614255284
EYS	0.00842172491271827
C6orf132	0.00984093703039682
SUPT3H	0.385942738207965
C6orf141	0.179303947260563
CD2AP	0.505874425390156
C6orf89	0.205885708281883
CCDC167	0.00748913629592132
_ENSG00000202198	0.325224450257506
POLH-AS1	0.342650322239185
LRRC73	0.466797986547984
LINC00951	0.859568143014238
LINC00680	0.781746961209734
C6orf226	0.273979111732063
_ENSG00000226070	
ZNF451-AS1	0.991440677389628
COX6A1P2	0.0156057066556985
_ENSG00000230910	0.312211678367246
_ENSG00000231113	0.828232643595034
DST-AS1	0.17921536142045
_ENSG00000231769	0.948397986047789
_ENSG00000232120	0.346014092464655
MLIP-AS1	
_ENSG00000237686	0.810747830613253
GUSBP4	0.857316323613506
_ENSG00000242973	0.0681700706365031
PTCHD4	0.114793366263981
KHDRBS2-OT	0.152185841792645
RAB44	0.29280227211569
_ENSG00000271218	0.20231015740255
_ENSG00000271761	0.269493119016605
_ENSG00000272316	0.0772551342692301
_ENSG00000272442	0.626939520049505
_ENSG00000272541	0.857766595216948
IBTK	0.213928306692983
PGM3	0.691515784885478
RWDD2A	0.956546178267821
UFL1	0.644048916983935
RRAGD	0.99694095115347
SEC63	2.56764379874632e-05
PRDM1	0.179303947260563
ATG5	0.556503374883824
SNAP91	0.850461168616132
CYB5R4	0.282693282280981
ME1	0.699959383049414
RIMS1	0.725294786246677
SESN1	0.850850772708536
OSTM1	0.250569278871996
DOP1A	0.123583781638063
LYRM2	0.646995319513843
BCKDHB	0.00977882709245253
PREP	0.93095395165042
HACE1	0.712960016043896
COL12A1	0.446431065607303
SMIM8	0.535713432383557
RNGTT	0.39640361121481
MDN1	0.4190960090855
BACH2	0.028559782571755
GPR63	0.0554448651175399
FBXL4	0.206161821833104
CCNC	0.343550309369406
ASCC3	0.578402380209454
BVES	0.504674702391583
CRYBG1	0.0681508206196904
B3GAT2	0.495396798350625
SOBP	0.171349885595347
NR2E1	0.365466586797572
SNX3	0.0852107240078935
ZBTB24	0.916845736177739
COX7A2	0.00133571677718725
TMEM30A	0.859409043700464
SENP6	0.353105952518995
IMPG1	0.309596081920692
TENT5A	0.688725450292104
ELOVL4	0.547274648741651
FILIP1	0.643894349861738
CASP8AP2	0.380548774874615
HMGN3	0.587330480579267
UBE3D	0.726554737346892
CNR1	0.258661845627186
FOXO3	0.356699915092908
ARMC2	0.483250389337288
SLC17A5	0.60762204790215
OGFRL1	0.000238114072572445
NDUFAF4	0.0203365370376697
USP45	0.238689186859924
RTN4IP1	0.337511571683347
QRSL1	0.722304856264998
MTRES1	0.104356223140394
COQ3	0.45452976523162
PNISR	0.017624113139725
POPDC3	0.740098411144003
MTO1	0.624729547743538
ANKRD6	0.318857367277433
KHDC1	0.505798376757512
CEP162	0.529486925916684
SYNCRIP	0.0324669263900088
SNX14	0.94759884045249
NT5E	0.706905380537314
MRAP2	0.858200359979332
EPHA7	0.290697612118556
AKIRIN2	0.109660883632695
ORC3	0.288358630715038
LCA5	0.581696733469033
MAP3K7	0.810379706769735
CD164	0.0584862984390065
AFG1L	0.425378502059272
MICAL1	0.0299631986331934
TPBG	0.0132972976371
IRAK1BP1	0.0984379712935362
PHIP	0.0578598670899245
PRSS35	0.848922829569179
MMS22L	0.793425900847298
FAXC	0.0981401359689706
GABRR1	0.656176053415702
PNRC1	0.80350461174915
PM20D2	0.0820642112134926
RARS2	0.985159012951292
SCML4	0.136574094727748
MCHR2	0.654398320265421
SRSF12	0.4238739345382
EEF1A1	0.167892644737812
CD109	0.605119173736206
GJB7	0.62443404830482
SLC35A1	0.951404937321728
GRIK2	0.255423028191403
CGAS	0.490854747063
PDSS2	0.621072332629717
HTR1E	0.0777363850446683
FUT9	0.00333683989638587
MANEA	0.809037108326327
BEND3	0.859117687144212
CEP57L1	0.123032774614423
POU3F2	0.988526497376781
PPIL6	0.372961357226707
KCNQ5	0.215563061022314
KLHL32	0.0188769181239247
LIN28B	0.807674512721039
ZNF292	0.41232104517313
MYO6	0.0102071765325791
SH3BGRL2	0.191373249167968
UBE2J1	0.398495774408933
CCDC162P	0.737777397021141
BVES-AS1	0.129364242736457
LIN28B-AS1	0.29280227211569
SNHG5	0.0768888271078456
RIPPLY2	0.738937606760991
OOEP	0.026311619534829
_ENSG00000218418	0.513445887773114
_ENSG00000223786	0.624685890394885
_ENSG00000224384	0.29280227211569
_ENSG00000225793	0.842081882398944
LINC02542	0.739517934774556
_ENSG00000228506	0.52461219684576
_ENSG00000228679	0.29280227211569
_ENSG00000228834	0.165575130246155
MCHR2-AS1	0.369189293096344
_ENSG00000229852	0.147563294112575
_ENSG00000229862	0.00379848537124852
_ENSG00000231143	0.504041301712958
_ENSG00000232295	0.367082909983391
UFL1-AS1	0.511594678058899
_ENSG00000233967	0.509342182933069
_ENSG00000243501	0.202741003962275
_ENSG00000260000	0.342650322239185
MEI4	0.307780324168863
_ENSG00000271793	0.395527321393476
_ENSG00000271860	0.158652212431425
_ENSG00000272243	0.573875416407613
CD24	0.151904449127661
FUCA2	0.672644166202948
REV3L	0.271372019226857
VTA1	0.885891276080337
FYN	0.00291652905489923
HIVEP2	0.637149896956236
CCDC28A	0.859448357264325
HSF2	0.470733993330965
IFNGR1	0.125891886167024
TBPL1	0.0176308204830209
BCLAF1	0.803301627104929
PEX3	0.381296791235437
GOPC	0.0244162203226838
METTL24	0.511922629934562
TRAF3IP2	0.487571554447739
TRMT11	0.226517324392941
TUBE1	0.0126945230345186
EPB41L2	0.725796988210658
MOXD1	0.473603017813517
STX7	0.00518236152048681
ECHDC1	0.72792484559968
FRK	0.260727872769207
DSE	0.165440245775657
RWDD1	0.104737018909097
CEP85L	0.755795644831452
ASF1A	0.400266665192464
MCM9	0.0814935496008087
FAM184A	0.808353816789313
MAN1A1	0.566812294572691
SERINC1	0.44662126874983
HDDC2	0.0164778667421025
TPD52L1	0.00291882588035426
HINT3	0.615157099890241
NCOA7	0.138438617358454
MED23	0.754241501560787
WASF1	0.129171811107118
RPS12	0.257011151392335
EYA4	0.197931992659208
HBS1L	0.844347705956908
PEX7	0.301616955906612
FIG4	0.381699421564913
PERP	0.179303947260563
ARFGEF3	0.123572252218642
SLC16A10	0.269292264227779
HECA	0.4853617028847
ADGRG6	0.219696043786173
PHACTR2	0.289978749938386
LAMA4	0.975796212439122
PLAGL1	0.0525634831498102
AKAP7	0.122735090176959
MYB	0.0335651909420408
ALDH8A1	0.651438670429488
SGK1	0.189641357873579
RNF146	0.152559943862278
CCN2	0.607371172647286
COL10A1	0.368273735350703
AMD1	0.250961849612157
LTV1	0.928266976199659
MAP7	0.190968821405778
NHSL1	5.65759502297166e-05
AHI1	0.103751677330921
HEY2	0.0603509071997359
PKIB	0.52350520674905
NMBR	0.606916756961387
REPS1	0.361970207830125
TBC1D32	0.14579174329131
CLVS2	0.591124963891572
RNF217	0.497577278409267
RSPO3	0.609190351942015
ARHGAP18	0.639202119616201
ABRACL	0.0660690655042294
SLC18B1	0.0108852510666503
SLC2A12	0.60541614671616
AIG1	0.734172761469072
GJA1	0.0263905822677296
PTPRK_ENSG00000152894	0.0228016764632296
ZUP1	0.90723595921921
NUS1	0.617622798487842
ENPP3	0.19417005644558
AK9	0.075869995135413
CDK19	0.198364989262916
GTF3C6	0.373338102052646
FABP7	0.108497362764071
TXLNB	0.62443404830482
CITED2	0.794991527309251
DCBLD1	0.230537131110845
SAMD3	0.972657173796966
TMEM200A	0.741259807729393
CDC40	0.40405339580157
PDE7B	0.799871224858652
SMPDL3A	0.114521546443079
THEMIS_ENSG00000172673	0.561450109492905
MFSD4B	0.281193282628809
NT5DC1	0.612399807240236
FAM162B	0.0125145099257833
C6orf58	0.919573876223222
TRDN	0.969861516107927
TSPYL4	0.414557244192566
NKAIN2	0.0613995029221933
ADAT2	0.183998409395595
TSPYL1	0.509645172097531
SLC35F1	0.333357045328796
LAMA2	0.903301579751377
HDAC2	0.188979310690549
KPNA5	0.199320172560919
MAP3K5	0.904955732104123
RPF2	0.916218994667008
ENPP1	0.807171063792446
PLN	0.941897840424846
L3MBTL3	0.463446229712738
ECT2L	0.818743024168443
TMEM244	
CENPW	0.574923224124175
FAM229B	0.916653964054136
YWHAZP4	0.144637872852466
_ENSG00000217648	0.342650322239185
RPS27AP11	0.000528755251996462
_ENSG00000225148	0.342650322239185
_ENSG00000225177	0.170831899522424
_ENSG00000225752	0.62443404830482
_ENSG00000226149	0.0351495450235954
_ENSG00000226571	0.0681700706365031
_ENSG00000227220	0.784529379117001
_ENSG00000227945	0.505308522423654
TARID	0.179884914674251
LINC01013	0.136574094727748
HDAC2-AS2	0.285214525086711
LINC01277	0.752553424402803
LINC00271	0.235965520954675
_ENSG00000231046	0.136574094727748
TRAF3IP2-AS1	0.563061164070015
CT69	0.0517939257110777
NCOA7-AS1	0.368273735350703
_ENSG00000232310	0.869889036776706
ATP5MGP2	0.52001762279673
_ENSG00000233558	0.518009378432974
_ENSG00000234084	0.504674702391583
MAP3K5-AS1	0.0221746300802449
TRDN-AS1	0.948105537953888
_ENSG00000236166	0.342650322239185
_ENSG00000236347	0.608735329918843
RNF217-AS1	0.158576739710679
LINC01010	0.368731337428235
_ENSG00000237596	0.960574027256603
_ENSG00000237742	0.861900718577503
_ENSG00000237851	0.136574094727748
HS3ST5	0.426561777453197
_ENSG00000253194	0.779026811643181
_ENSG00000255330	0.446727879611996
_ENSG00000255389	0.605554422094901
_ENSG00000260212	0.136574094727748
_ENSG00000260418	0.118752646911786
_ENSG00000272189	0.179303947260563
_ENSG00000272356	0.369647602289817
MARCKS	0.941422273724699
_ENSG00000279453	0.635813178336494
GVQW2	0.377299009055439
MAD1L1	0.600055241647523
PSMB1_ENSG00000008018	0.273918271819436
AGPAT4	0.797981596596875
TFB1M	0.707111031722707
ARID1B	0.541196736355187
TAB2	0.0322692467898396
GINM1	0.901789513951983
MPC1	0.0756015658038534
RPS6KA2	0.136496797517028
PDCD2	0.609056350380719
IPCEF1	0.141557297051726
SYNJ2	0.709445844563029
MAP3K4	1
ESR1	0.408847712581594
RGS17	0.401878551846408
EZR	0.233422383434429
ADAP1	0.855542313520098
LFNG	0.169905658630352
BRAT1	0.31098143485473
IQCE	0.260318907989981
EIF3B	0.471822498896869
SNX8	0.599198682644508
NUDT1	0.46549459318642
SASH1	0.113069007576007
UST	0.695513725646827
MTRF1L	0.565291842144281
OPRM1	0.100016156712683
SOD2	0.00463076538114377
MRPL18	0.343549831189611
EPM2A	0.100969412263749
SLC22A2	0.136574094727748
PACRG	0.921554462601994
QKI	6.31355335974366e-05
C6orf118	0.342650322239185
PDE10A	0.360796808960627
SMOC2	0.625839017290262
FAM120B_ENSG00000112584	0.80425543326913
TBP	0.0010781256579362
ADGB	0.131257401844565
FBXO30	0.322820232813134
RAB32	0.467184722389302
NUP43	0.980528083061307
MTHFD1L	0.97928951460133
LRP11	0.393583607207126
CCDC170	0.532001400042883
PCMT1	0.013955545054746
PLEKHG1	0.290902130897246
ACAT2	0.155720279238392
TCP1	0.883413483505346
SERAC1	0.326477707140582
MRM2	0.466902798099526
KIF25	0.90056743260908
ERMARD_ENSG00000130023	0.769767508000675
PHF10	0.905792125151505
TULP4	0.733580008113864
SNX9	0.0755708759997763
RSPH3	0.82958285630541
MAS1	0.042459010450716
AFDN	0.344079506224564
PPIL4	0.939190504832744
ULBP2	0.505308522423654
AKAP12	0.00509692925165074
SYNE1	0.719576985985949
LATS1	0.738581254141447
CHST12	0.28733751296527
TTYH3	0.991489880396308
SHPRH	0.901883614998719
DYNLT1	0.104965255543591
TIAM2	0.772517752791334
TMEM181	0.688608680979044
PNLDC1	0.369647602289817
WTAP	0.206308213901485
VIP	0.959735885045079
ARMT1	0.99226770821843
SLC22A3	0.645729545271802
GNA12	0.581449845770667
C7orf50	0.00647043113161928
UTRN	0.787286476120345
GRM1	0.297420998272752
CNKSR3	0.857046463997108
RMND1	0.696403270333362
PSMG3	0.0959907141774446
STXBP5	0.286893254875169
SYTL3	0.196494392100447
TAGAP	0.918891751183636
DNAAF5	0.329659138303936
SUN1	0.0659735482976909
GPR146	0.900574743503575
GPER1	0.459425792908579
MICALL2	0.00234747499028028
INTS1	0.0725970242110119
SF3B5	0.00984958260577994
CLDN20	0.0351495450235954
AMZ1	0.421321391074282
SLC22A1	0.219407355593487
ZDHHC14	0.40466999649281
PRR18	0.955128751089705
FAM20C_ENSG00000177706	0.388287621773585
ZC3H12D	0.941897840424846
ZFAND2A	0.06473326925718
ZBTB2	0.0442134396638723
WDR27	0.185773242908838
TCTE3_ENSG00000184786	0.873317530190521
C6orf120	0.872031562771394
PRKN	0.313801861557027
THBS2	0.0717786837893982
KATNA1	0.773171633392275
PRKAR1B	0.0264751740951247
SRP72P2	0.884675327256023
IGF2R	0.622299006709549
PDGFA	0.803960688260344
CARD11	0.835646164443075
MAFK	0.326325506402947
LPA	0.29280227211569
DLL1_ENSG00000198719	0.337516351633362
PPP1R14C	0.0338538900742274
SFT2D1	0.706891878736673
C6orf99	0.181666103174006
SAMD5	0.814778025412007
LPAL2	0.918891751183636
SCAF8	0.0831833763423399
_ENSG00000213121	0.328274334611513
TMEM242	0.422689408426337
_ENSG00000218426	0.000974645309643751
_ENSG00000219487	0.0422607824841435
RPS18P9	0.27012573649887
_ENSG00000223598	0.941705577399176
_ENSG00000223855	0.203235907354077
_ENSG00000224658	0.0999054347185755
_ENSG00000225146	0.0773351737294083
PACRG-AS3	0.0551289432333582
ELFN1	0.224206665360694
_ENSG00000226445	0.647913187594605
LINC01624_ENSG00000227508	0.14442631867264
_ENSG00000227598	0.826966283970192
_ENSG00000227627	0.97682400992507
_ENSG00000227681	0.180531111932977
KATNBL1P6	0.658193315327251
_ENSG00000229043	0.115504930463821
PSMG3-AS1	0.259422383589845
_ENSG00000231760	0.0716332130036715
_ENSG00000231863	0.608735329918843
STXBP5-AS1	0.0773958488627353
_ENSG00000235652	0.191981345257658
_ENSG00000236627	
COX19	0.98609017295419
_ENSG00000249141	0.653331264212027
_ENSG00000261420	0.918891751183636
_ENSG00000268592	0.268114637692248
CAHM	0.253730364274631
_ENSG00000271913	0.870507175236489
GTF2H5	0.0388311933208155
_ENSG00000272841	0.0999054347185755
_ENSG00000272980	0.248198189085803
_ENSG00000273230	0.574399207174012
_ENSG00000281021	0.504674702391583
ICA1	0.0422273165890949
ABCB5	0.269493119016605
SKAP2	0.66835508065425
THSD7A	0.398185399523541
ETV1	0.264724594916159
GGCT	0.952796948373516
CYTH3	0.557463078366504
RNF216	0.247811334017425
HDAC9	0.359503378150906
NFE2L3	0.874175028001645
OSBPL3	0.00898177201409512
SNX13	0.314664802573794
FSCN1	0.895309819938927
ACTB	0.119228957793325
ADCYAP1R1	0.113187343843517
EIF2AK1	0.495435513078759
SNX10	0.00393915753621046
AVL9	0.92403583467513
TWISTNB	0.826923622432731
ITGB8	0.742501193842841
SP4	0.887935582720003
DNAH11	0.0184005978515685
STEAP1B	0.361161068783133
MPP6	0.835439643986582
GSDME	0.56564932393143
HIBADH	0.424274804729546
TAX1BP1	0.0287059499544179
CPVL	0.465555031263015
CHN2	0.275384015758032
FKBP14	0.64796633895785
PLEKHA8	0.325394828286912
NOD1	0.175804001436774
GARS1	0.0156790715174551
CRHR2	
AIMP2	0.957829433050805
USP42	0.753112715039836
LSM5	0.783375809678107
C1GALT1	0.0906710308688159
RPA3	0.506737583193391
GLCCI1	0.377674162891423
PHF14	0.55511661813368
TMEM106B	0.138642792757731
MEOX2	0.942864538802018
ANKMY2	0.373634409912761
TSPAN13	0.704216261947959
AHR	0.260564438550614
PMS2	0.380005355169422
OCM	0.899456112186753
KLHL7	0.183961145357863
CBX3	0.186318611067415
HNRNPA2B1	0.340615666681379
WIPF3	0.194656791715697
NXPH1	0.353792841082396
NPY	0.0488447014781822
FAM126A	0.909681203678323
ARL4A	0.854615673932296
CCZ1	0.369980270238298
TWIST1	0.042459010450716
SCRN1	0.723362469501522
IGF2BP3	0.653890760287901
GPNMB	0.882275059404334
RAPGEF5	0.598972198044008
RAC1	0.755811201885799
NUP42	0.777224628839569
ZDHHC4	0.597528771322523
BZW2	0.397872331655038
DGKB	0.107678049092467
MMD2	8.01984487091006e-07
VWDE	0.504041301712958
SDK1	0.00187425189975155
CCZ1B	0.350896080730316
C7orf26	0.356209163787792
CREB5	0.472932470519576
C7orf31	0.281656921312963
JAZF1	0.117569413480916
PDE1C	0.66775726208918
RSPH10B	0.342650322239185
FBXL18	0.545757356776828
MALSU1	0.155533881667764
RADIL	0.891484079448335
WIPI2	0.0122256320377016
ZNF890P	0.202774629484614
DAGLB	0.945593852491134
TRA2A	0.0102312946388009
NEUROD6	0.619551282663167
ZNF12	0.137405016151863
SLC29A4	0.0735929088119033
CDCA7L	0.515128664510042
MIOS	0.76144009785104
FOXK1	0.923518323522924
CCDC126	0.338788271214531
RSPH10B2	0.342650322239185
SOSTDC1	0.136574094727748
CYCS	0.000701361940563635
TMEM196	0.834339784849936
FAM220A	0.924851971100417
ZNRF2	0.213744128821227
ITPRID1	0.393188147716319
MTURN	0.285836121160618
TNRC18	0.126263271331913
MACC1	0.897385966864175
AGMO	0.652068545597912
PMS2CL	0.216458035713454
FAM221A	0.0875069845354706
NDUFA4	3.83449588085626e-08
RNF216P1	0.267175087567291
GARS-DT	0.38343854965797
STK31	0.638813160133419
TOMM7	0.0480953503717059
ZNF316	0.350606615580409
_ENSG00000214870	0.619265671976499
CRPPA	0.714979736557694
COL28A1	0.00426311698592712
GRID2IP	0.00988412946921392
RPL23P8	0.0968547387750831
UMAD1	0.442650462087233
_ENSG00000223561	0.118563780650779
_ENSG00000223813	0.426424380641292
_ENSG00000223838	0.369189293096344
_ENSG00000224322	0.342650322239185
ZNRF2P2	0.475433815942455
_ENSG00000226329	0.625839017290262
_ENSG00000227014	0.648103184956395
DPY19L2P3	0.274653864955441
_ENSG00000228010	0.511268541501037
_ENSG00000228944	0.919573876223222
DPY19L1P1	0.264411625594909
_ENSG00000229618	0.00962280586308545
CRPPA-AS1	0.20231410288409
_ENSG00000229970	0.918209685830619
_ENSG00000230333	0.63803575257611
_ENSG00000230825	0.1181338038289
LINC01162	0.0423928472607116
JAZF1-AS1	0.449702188840699
_ENSG00000235837	
ZNF815P	0.957585901623382
_ENSG00000236048	0.396165523669451
_ENSG00000236318	0.29280227211569
ZNF853	0.0160822672325939
_ENSG00000237713	0.29280227211569
_ENSG00000237773	0.179303947260563
AQP1	0.332715651367967
AP5Z1	0.914999611111793
_ENSG00000243004	0.858980942314085
TRIL	0.628307557581484
_ENSG00000264520	0.504041301712958
_ENSG00000272568	0.436626585981892
_ENSG00000272894	0.855515702882921
_ENSG00000272953	0.34429083166318
RBAK-RBAKDN	0.884195188280769
_ENSG00000278254	0.359298319857347
_ENSG00000280255	0.741259807729393
_ENSG00000281039	0.029163939187438
_ENSG00000281593	0.235027820882546
HECW1	0.283799295870442
RALA	0.915849770775363
VPS41	0.420993748475242
STARD3NL	0.781693622841956
ANLN	0.776761412140711
NUDCD3	0.795926216423717
ZPBP	0.514614222504053
CAMK2B	0.589475197686593
CDK13	0.338395854960312
AMPH	0.681322967585503
UBE2D4	0.186371041271763
EPDR1	0.113168191016126
OGDH	0.138032901810148
H2AZ2	0.579787598283138
GRB10	0.674018144960082
COBL	0.992796972192096
CHCHD2	7.31408920549679e-06
SFRP4	0.839050503846889
POU6F2	0.288885671265741
GLI3	0.0728428119951317
MRPL32	0.199836623588643
COA1	0.0617912490019524
BLVRA	0.519081541089569
URGCP	0.515628546473398
AEBP1	0.298165817552061
POLD2	0.558843019026255
GCK	0.0784263656053855
YKT6	0.663010894313201
BBS9	0.16219611533982
ZMIZ2	0.391906087382367
SEPTIN7	0.038433592248409
EEPD1	0.400868729910682
HERPUD2	0.0204164957414337
FKBP9	0.493505029655197
NT5C3A	0.955471874915655
POLM	0.653876154515429
RAMP3	0.628159848015265
SUMF2	0.53723138641595
SEC61G	0.157986149558519
LANCL2	0.31249091509353
FIGNL1	0.687640238737104
TNS3	0.972130436255876
SPDYE1	0.772049596581037
AOAH	0.802316163681394
TBRG4	0.514789247740469
DDX56	0.0253388290250076
HUS1	0.579940701184547
NACAD	0.0423722031222721
DBNL	0.065667128425552
CCM2	0.170959481295905
EGFR	0.404679395495188
IGFBP3	0.505308522423654
PURB	0.146390803766782
_ENSG00000146677	0.136200456437983
NIPSNAP2	0.714491994884539
CCT6A	0.285625828068796
PSPH	0.904773112660488
VOPP1	0.227456468680396
SEPTIN14	0.018478540590437
ELMO1	0.385839741876675
TMED4	0.697022245055692
SPATA48	0.807674512721039
KIAA0895	0.417175952774554
STK17A	0.214812139405358
RP9	0.512108440391607
BMPER	0.00752856439635287
ADCY1	0.805242541628917
SUN3	0.57335185203678
PHKG1	0.169964169249058
MPLKIP	0.337935343955145
VSTM2A	0.860152074075262
KBTBD2	0.280985024949211
DPY19L1	0.0372898958335702
SUGCT	0.366183573144496
ABCA13	0.369189293096344
UPP1	0.974796219489929
NUPR2	0.144003921875799
IKZF1	0.726898245747021
NPSR1	0.636481492398396
LINC00265	0.873747740613722
VWC2	0.732088387607942
DPY19L2P1	0.0889679151433975
PPIA	0.00031313214166378
NPSR1-AS1	0.449404253634236
RP9P	0.299657064004723
SEPTIN7P2	0.812710368395148
POLR2J4_ENSG00000214783	0.500021201998843
ELMO1-AS1	0.651410343439851
INHBA-AS1	0.626532970601081
VSTM2A-OT1	0.29280227211569
SEPTIN7P3	0.869032292824817
PSPHP1	0.805661197006159
_ENSG00000227172	0.0176613263454269
TRGC2	0.504041301712958
_ENSG00000227544	0.649998711228253
_ENSG00000228204	0.738937606760991
SEPTIN7-AS1	0.779218931682037
RASA4CP	0.420903645695104
TCP1P1	0.607371172647286
SEPTIN14P1	0.152371653706516
LUARIS	0.29280227211569
DPY19L1P2	0.0514201779645257
_ENSG00000232006	0.448808719191198
SNHG15	0.652086922674296
POU6F2-AS2	0.739517934774556
_ENSG00000234707	0.769580447754518
LINC00957	0.344220774853639
_ENSG00000236212	
_ENSG00000237251	0.941897840424846
_ENSG00000237268	0.487767797905241
YAE1	0.762531039168271
_ENSG00000249773	0.0175833851091773
_ENSG00000271122	0.316979681126632
_ENSG00000279072	0.806667694730469
ELDR	0.688371876851756
CROT	0.480813708702729
ABCB4	0.902234778098886
RHBDD2	0.121987788208538
PHTF2	0.266096639066576
DBF4	0.0499939883460614
GTF2IRD1	0.855839680408719
ADAM22	0.442518374229028
MLXIPL	0.153747376486355
BAZ1B	0.406360143561573
HGF	0.347655406291478
ELN	0.271931502684691
RFC2	0.450596666021524
PMS2P4	0.344937388829715
BUD23	0.643782356667862
SRI	0.102697214449301
SEMA3A	0.459641007366956
SEMA3C	0.761023005995464
SLC25A40	0.414150355536112
FKBP6	0.0681700706365031
ABCB1	0.79179349506135
LAT2	0.228697262776231
DTX2	0.0194736915352695
RUNDC3B	0.972431630423967
ABHD11	0.0885851459112681
STX1A	0.340362552234975
NSUN5P2	0.188177074799451
HSPB1	9.72864190244706e-23
TMEM248	0.755833765067603
STAG3L4	0.379968001570996
BCL7B	0.628620057465038
TBL2	0.181859309761073
CLIP2	0.419846862307186
EIF4H	0.425340641993046
LIMK1	0.3427330626578
ASL	0.11342882255617
SBDS	0.082449904214292
HIP1	0.4284639296719
PTPN12	0.75737358577993
POR	0.515916507319106
STYXL1	0.325088097313305
GNAI1	0.572437326353199
PMS2P3	0.800971006670248
NSUN5	0.00248629869522983
DMTF1	0.98811035843811
TMEM243	0.64163774559977
CCDC146	0.811624858286432
TMEM60	0.379791384815513
CD36	0.51399809871837
SSC4D	0.151904449127661
MDH2	0.034561853482742
POMZP3_ENSG00000146707	0.359853103043674
ZNF92	0.701958952845609
ZNF117	0.111050897257588
CACNA2D1	0.0195968494585258
SEMA3D	0.274948296000525
RABGEF1	0.20416079026741
AUTS2	0.0144019664556319
KIAA1324L	0.881657266925141
INTS4P1	0.0101181654450248
METTL27	0.90056743260908
TPST1	0.894723640530456
GUSB	0.19291667455489
YWHAG	0.0249764494825474
SPDYE5	0.415796519390975
SEMA3E	0.753850648313826
ZNF680	0.12292169123788
STAG3L3	0.160126708022698
GTF2IRD2B	0.133720921630443
DNAJC30	0.0661565484886339
VPS37D	0.858590631712052
SRRM3	0.37937967640525
LINC00174	0.788433130616561
SPDYE7P	0.505308522423654
TP53TG1	0.115733092829159
CALN1	2.37288013865436e-07
SPDYE12P	0.798755013498987
SPDYE16	0.504041301712958
GALNT17	0.49669594391834
GSAP	0.633028026744159
PCLO	0.397789910318818
SPDYE17	0.884675327256023
RSBN1L	0.961687656484963
MAGI2	0.000537629103732884
ZP3	0.967158111891242
FZD9	0.150874001821306
TMEM120A	0.859104419291677
CLDN4	0.316979681126632
ZNF107	0.0172908058645456
GTF2IRD2	0.520858457582331
POM121	0.393934865843966
VKORC1L1	0.713215351834915
ZNF138	0.594830781005287
ZNF273	0.843841904643781
GRM3	0.724746048380148
TYW1	0.000625786636202896
SPDYE18	0.799068849811421
_ENSG00000205485	0.922431315736756
STAG3L1	0.635488859689812
EEF1DP4	0.917527680662566
APTR	0.527823790336132
FAM185BP	0.629320203931981
GTF2IRD2P1	0.972823833957678
ZNF727	0.873317530190521
ZNF735	0.303229170552161
NSUN5P1	0.842523003147021
GUSBP6	0.942864538802018
RPL35P5	0.0353423142529662
SBDSP1	0.941897840424846
_ENSG00000225718	0.799068849811421
LINC02848	0.368273735350703
_ENSG00000226829	0.39648485785047
_ENSG00000228113	0.710931889960209
CCT6P1	0.894922568285151
_ENSG00000229180	0.00584037768223146
_ENSG00000230189	0.00502230299212326
_ENSG00000230305	0.0676322481491846
SPDYE21P	0.157772213303485
GTF2IRD1P1	0.118635253631825
RPL13AP17	0.369189293096344
_ENSG00000232667	0.941897840424846
_ENSG00000232729	0.556263655544247
GRM3-AS1	0.0151575241458883
GTF2IP4	0.228172565577475
_ENSG00000233423	
_ENSG00000233491	0.942864538802018
_ENSG00000234185	0.169697784916272
MAGI2-AS3	0.624822025226257
_ENSG00000234500	0.423069294708157
CCT6P3	0.618190576787866
_ENSG00000235421	0.342650322239185
_ENSG00000237310	0.644452812781982
CRCP	0.515446737927144
KCTD7	0.866722097769513
_ENSG00000249319	0.338575612679853
_ENSG00000259628	0.430124279008392
GTF2I	0.20663633991529
DTX2P1-UPK3BP1-PMS2P11	0.911357237712975
POM121C	0.494406914565023
_ENSG00000272831	0.0428876167090117
INTS4P2	0.893280863844027
_ENSG00000273448	0.944303734042829
CASTOR2	0.865591991717845
RCC1L	0.787677853127422
_ENSG00000275400	0.934341319771217
GTF2IP1	0.152839951192526
STAG3L2	0.810636191844564
TYW1B	0.597586916447276
_ENSG00000277675	0.100738516489268
PMS2P2	0.15221579747732
_ENSG00000281120	0.266706162523765
ANKIB1	0.356678686381339
CYP51A1	0.808178041316175
KRIT1	0.739973325523906
MYH16	0.685081811396594
VPS50	0.863333596726995
PDK4	0.000254535869898802
SLC25A13	0.718293529649726
CALCR	0.884195188280769
POLR2J	0.0217382227063481
PRKAR2B	0.87149342337421
KMT2E	0.503269667442505
TAC1	0.501443187580049
DLX6	0.179303947260563
BAIAP2L1	0.637646878050598
IFRD1	0.977798881721026
SYPL1	0.00210068214837641
CYP3A43	0.867644573553275
CDK14	0.766515601914038
STAG3	0.937077790648671
ASNS	0.956998497686717
BCAP29	0.548900763063274
ACTL6B	0.272529717159761
PMS2P1	0.025413349357963
ZCWPW1	0.0413290370491024
PILRA	0.170101090405556
TRIP6	0.365619594032993
ACHE	0.648814916353611
SRRT	0.865438122709209
PUS7	0.175378752452988
LAMB4	0.859371285226648
NRCAM	0.013392761824861
LAMB1	0.494429948783847
SLC26A4	0.463213870939749
SLC26A3	0.00442522079765164
DLD	0.299566374246289
CFAP69	0.0669612910550791
GTPBP10	0.946336772002257
CDK6	0.591932711152574
PMPCB	0.139751896210488
DNAJC2	0.0926514140578951
BET1	0.413517605067218
NAMPT	0.0154096362591585
PIK3CG	0.740098411144003
PON2	0.0390202313380577
HBP1	0.410174144289345
DUS4L	0.0127882300001832
CBLL1	0.649045836409656
DLX5	
NPTX2	0.940600891809245
PDAP1	0.693249416312742
BUD31	0.949504485849438
PTCD1	0.857316323613506
CYP3A5	0.131078159999377
ZKSCAN1	0.813798010795825
TAF6	0.327077835387477
TFR2	0.282585753911467
MOSPD3	0.499776143808525
AGFG2	0.476436000822078
SERPINE1	0.62443404830482
AP1S1	0.84743553525844
PLOD3	0.232518552529258
ZNHIT1	0.426448333541143
CLDN15	0.460354753626119
AKAP9	7.11191232980899e-05
GNG11	0.635443067244062
SEM1	0.0262375523498742
GNGT1	0.136574094727748
PEX1	0.307720345252354
MTERF1	0.944347600272181
SGCE	0.294971720910045
RBM48	0.542526996681489
CASD1	0.0893153225451432
DOCK4	0.0333747487758218
CDHR3	0.86299647169045
PRKRIP1	0.220879586356102
VGF	0.32461004977407
IFT22	0.00316982366720682
DNAJB9	0.52519568397178
LRRC17	0.0207216190296985
ARPC1B	0.637646878050598
PNPLA8	0.429317525151012
RINT1	0.568244794009225
SRPK2	0.593192127706971
ATXN7L1	0.331652363486769
TMEM168	0.585953432268519
MAP11	0.503318134185019
SLC12A9	0.884540783856388
GIGYF1	0.595862014524292
TRIM4	0.855742784382512
MEPCE	0.837225194030689
ZAN	0.856249510000878
STEAP2	0.301651624084377
CLDN12	0.607825740129801
FZD1	0.453385012423785
GATAD1	0.613692934497353
PPP1R9A	0.861465048052379
DYNC1I1	0.56345286289949
PPP1R35	0.0948531272533773
ZNF394	0.179587264565529
CPSF4	0.948734567825692
COL26A1	0.598649404675423
ORAI2	0.174355048379415
ALKBH4	0.303996463931149
SH2B2	0.503311706855019
LRWD1	0.216458035713454
FBXL13	0.934392032156896
NAPEPLD_ENSG00000161048	0.320372277730305
PSMC2	0.987850722059579
COG5	0.313484027980332
BMT2	0.0643094053111426
GPR85	0.160465323069465
STEAP1	0.29280227211569
BRI3	0.299318084595611
LMTK2	0.456820991449351
ORC5	0.924838383099236
TMEM130	0.630869790193496
MCM7	0.384094114248414
ZNF3	0.0476450476521018
ZSCAN21	0.845573565924382
NYAP1	0.480091687145467
TSC22D4	0.989635111998343
CNPY4	0.50238019828471
COPS6	0.0189437929013715
TRIM56	0.0365349126061854
SLC26A5	0.649785281005292
DPY19L2P2	0.27195985945075
ARMC10	0.536370759287498
GPR22	0.0503705403769704
POP7	0.000922975587077095
GNB2	0.957603634535187
LRRN3	0.773720423613991
SPDYE2B	0.573875416407613
LSMEM1	0.561749984897522
ZNF804B	0.858944887810961
IMMP2L	0.00594863639695671
EFCAB10	0.246791456835843
KPNA7	0.919573876223222
C7orf61	0.356047956493905
LHFPL3	0.0443813771395312
LAMTOR4	0.0208790403066026
CYP51A1-AS1	0.0221746300802449
RELN	0.649104121519733
TRRAP	0.826318056140436
EPHB4	0.605549300663265
SDHAF3	0.0630064313799859
ZKSCAN5	0.437477415963717
ZSCAN25	0.76366035401098
GAL3ST4	0.376801746559042
ZNF789	0.7656444032746
SMURF1	0.784152704394479
ZNF277	0.3100756591712
_ENSG00000205236	0.0218307688129166
SPDYE2	0.0311632667361704
MUC12	0.219118939830537
TECPR1	0.310838220575586
SAMD9	0.144849664408153
RPL7P60	0.942864538802018
SMIM30	0.964034610674661
FIS1	0.00367163215753638
SPDYE3	0.0942898865423358
MBLAC1	0.625136362550862
AP4M1	0.509398774728141
FAM200A	0.748088705988683
FAM185A	0.134043566600343
_ENSG00000223646	0.504041301712958
_ENSG00000223886	0.869032292824817
LHFPL3-AS2	0.342650322239185
_ENSG00000225498	0.368273735350703
_ENSG00000226851	0.0925216446594283
LHFPL3-AS1	0.505308522423654
_ENSG00000226965	0.505308522423654
MUC12-AS1	0.606462493213343
STEAP2-AS1	0.805610255672606
_ENSG00000227863	0.14442631867264
LINC01004	0.14224032530192
RPL7P32	0.898344988869581
DLX6-AS1	0.507465387321109
LINC01007	0.247025523512695
RASA4DP	0.39184151300909
SLC26A4-AS1	0.51479086658429
FAM133B	0.168437116783299
_ENSG00000234715	0.942864538802018
_ENSG00000235077	0.505308522423654
DPY19L2P4	0.394199961359589
_ENSG00000235450	0.0049473284813645
_ENSG00000236197	0.769822698004727
_ENSG00000237640	0.424528033249929
RPS3AP29	0.0681700706365031
CDK6-AS1	0.942864538802018
_ENSG00000239486	0.666380728202687
CASTOR3	0.191537190303364
KMT2E-AS1	0.0624772333244665
LRRD1	0.57335185203678
ARPC1A	0.19587278157515
PEG10	0.0107378521740197
_ENSG00000242798	0.897385966864175
_ENSG00000243144	0.639202119616201
_ENSG00000243193	0.860932999665723
_ENSG00000243554	0.596984910203908
_ENSG00000243797	0.20231410288409
_ENSG00000244055	0.772156363175526
CUX1	0.179962620049396
SPDYE6	0.627346182836156
_ENSG00000267645	0.0159031604835844
_ENSG00000272918	0.738937606760991
_ENSG00000278819	0.376288747181875
CFTR	0.184620486738015
ARF5	0.986244932245122
ST7	0.757111641587849
KDM7A	0.269132646656457
AGK_ENSG00000006530	0.690435081076613
AASS	0.619989594932323
ZNF800	0.721324114438935
TBXAS1	0.762002445167271
PARP12	0.857316323613506
HIPK2	0.321567408121971
TNPO3	0.279012897980491
ING3	0.509853931334814
CTTNBP2	0.833970095256731
CNOT4	0.389064119700345
CADPS2	0.111991036650516
AKR1B1	0.109296686926511
MRPS33	0.036981173740199
NDUFB2	2.5074542255322e-09
ZC3HC1	0.347042785437994
WDR91	0.876860960036612
MTPN	0.411777862881799
PTN	0.00490610875607037
ATP6V0A4	0.345654953589252
ZC3HAV1	0.204161175281457
TTC26	0.426068306843531
TFEC	0.484772207942251
CAV2	0.0388289333437863
CAV1	0.487767797905241
MET	0.461633393309193
WNT2	
ANKRD7	0.0573814662367389
TSPAN12	0.79074260852847
SSBP1_ENSG00000106028	0.461024597873865
CPED1	0.211429885087556
PTPRZ1	0.912283739056462
WASL	0.181732311282538
RBM28	0.914722011728936
IMPDH1	0.375477052995091
NRF1	0.00451994891156803
CEP41	0.258264566832005
MEST	0.330562755785894
CHCHD3	0.964856786188211
KIAA1549	0.964612026077134
TRIM24	0.574201905117345
CYREN	0.213157552942007
CALD1	0.490625976902754
AKR1D1	0.942864538802018
POT1	0.48154717593251
ATP6V1F	0.00111024741380663
LSM8	0.857837234434909
PODXL	0.0816630289349582
FOXP2	0.967707647977385
STRIP2	0.143877665205747
MKLN1	0.0114683287317087
LRRC4	0.729751290460832
CALU	0.595190751715541
CCDC136	0.0145629408463358
SMO	0.912513475137188
KLHDC10	0.133958783213004
NDUFA5	2.56279817924785e-05
EXOC4	0.807654641963807
ADCK2	0.606008381544219
MKRN1	0.777497284101401
FAM71F1	0.316979681126632
KCP	0.489971691754021
MDFIC	0.106001834071873
TMEM209	0.0693191526559193
AGBL3	0.583334683876414
TMEM140	0.574574457467232
RAB19	0.626532970601081
LUC7L2	0.714117571859828
DENND2A	0.0534194858314303
LRGUK	0.458940014839905
NUP205	0.237549468591309
DGKI	0.0159922674219183
SVOPL	0.20231015740255
UBN2	0.812309931247666
BRAF	0.844445084472722
SLC37A3	0.946087213404171
TSPAN33	0.104538397670353
AHCYL2	0.0176655504912329
COPG2	0.937408955031384
IQUB	0.931436329287003
SLC13A4	0.226361781758083
METTL2B	0.64321304286185
GPR37	0.13358803946935
BPGM	0.302310126252146
GCC1	0.268820788319823
GRM8	0.0356692516311596
CHRM2	0.278882862127631
CREB3L2	0.651561015227537
_ENSG00000183470	0.345654953589252
KCND2	0.109480881911626
UBE2H	0.66781561551672
KLRG2	
FAM3C	0.192867372389489
SND1	0.403220820706607
CAPZA2	0.254875888405785
SLC35B4	0.505150438476342
FAM71F2	0.766958207088972
EEF1B2P6	0.360959397108294
TMEM213	0.29280227211569
PLXNA4	0.0521994601246065
POT1-AS1	0.868142234663894
PRRT4	0.179303947260563
LINC02476	0.603740109307313
ST7-AS2	0.781020452104503
_ENSG00000226380	0.680110126299926
_ENSG00000227197	0.29280227211569
WEE2-AS1	0.195296082137132
ASB15-AS1	0.918209685830619
_ENSG00000230649	0.0999054347185755
LINC-PINT	0.699351674035972
_ENSG00000232053	0.345654953589252
LINC00513	0.461605886911495
LINC01392	0.504041301712958
_ENSG00000234352	0.757871437041512
CLEC2L	0.78526230581777
NDUFB9P2	0.85741991625396
MKLN1-AS	0.528926681808342
_ENSG00000237813	0.48953048482304
SMKR1	0.900011747894475
_ENSG00000240499	0.14825103594224
_ENSG00000240571	0.489089491859393
_ENSG00000241345	0.685447080787093
_ENSG00000242593	0.270462917407554
FLNC-AS1	0.202544270817834
STMP1	0.631038818205169
_ENSG00000244036	0.652710537022407
_ENSG00000244701	0.00368127839114938
DENND11_ENSG00000257093	0.322092235125846
MGAM	0.715648870264416
MGAM2_ENSG00000257743	0.130720245790407
TMEM178B	0.581154577847059
_ENSG00000261570	0.27474027534371
_ENSG00000270953	0.218830796410528
_ENSG00000271204	0.802121786147759
_ENSG00000271344	0.606008381544219
_ENSG00000271553	0.85741991625396
_ENSG00000273184	0.0214975103339469
_ENSG00000273270	0.311494508282898
_ENSG00000273319	0.981770642988209
_ENSG00000273329	0.141634529939192
_ENSG00000279419	0.0421290659315407
_ENSG00000279483	0.0865223699433259
_ENSG00000280828	0.514677150045971
CD99	0.668922917638884
ARSD	0.321283873486026
UBE3C	0.918308638897312
NUB1	0.432722166747543
ABCF2	0.359943073148677
CHPF2	0.933258768859484
KCNH2	0.89451209969879
CUL1	0.352370949027094
KMT2C	0.543223423791825
GYG2	0.70531727409641
ARSF	0.525734221914044
SMARCD3	0.974643525075772
MXRA5	0.918209685830619
RNF32	0.901123166061073
LMBR1	0.208907820110955
DNAJB6	0.0037842282273419
VIPR2	0.326938261392782
EPHB6_ENSG00000106123	0.188736786047764
CASP2	0.832322713409746
EZH2	0.897234064812077
ZNF862	0.314658125749401
ACTR3C	0.832034389481013
RARRES2	0.857397512483225
TMEM176B	0.993386842931447
RHEB	0.0955502647048635
PRKAG2	0.872174142878191
GALNTL5	0.131436833667473
ESYT2	0.117548836179298
XG	0.368273735350703
WDR60	0.000202657614752683
LRRC61	0.144849664408153
PUDP	0.249635993637857
DPP6	0.274417900717111
AGAP3	0.985965171400688
KRBA1	0.637980380687963
ZNF767P	0.344585492297827
ACTR3B	0.0311409016435524
NOM1	0.242960664887951
NCAPG2	0.490632843315047
NLGN4X	0.0182852237611937
PTPRN2	0.244151354503812
PDIA4	0.693940677678316
PAXIP1	0.557412017705622
HTR5A	0.344578962984235
ARSL	0.0171195254488922
FAM131B	0.701425362503919
ZYX	0.373139402678786
NOS3	0.941897840424846
CDK5	0.124038319847779
SLC4A2	0.326466703752762
FASTK	0.945559379023575
TMUB1	0.328425805408889
PPP2R3B_ENSG00000167393	0.506873993772309
DHRSX	0.00481189122201154
ASMTL	0.258708781222159
SLC25A6	0.257755957418808
ZNF212	0.512607764712948
ZNF282	0.0558686918388242
ATP6V0E2	0.0851183885681276
CNTNAP2_ENSG00000174469	0.0619507127082404
GALNT11	0.0110149246958174
GTPBP6	0.622772085198027
ZNF746	0.0863268569757677
ZNF467	0.847013705633899
ATG9B	
P2RY8	0.48864871297649
PLCXD1	0.011358979911025
LINC01006	0.0234229395323044
PRKX	0.166324333456709
RBM33	0.480600014948567
IL3RA	0.762613603214859
SHOX	0.625136362550862
INSIG1	0.479578932499179
WDR86	0.55197403924649
ASMT	0.918209685830619
ZNF777	0.690202247096277
ZNF775	0.326014971222448
TPK1	0.195559983195848
XRCC2	0.925610742640624
ZNF398	0.94049738803789
ABCB8	0.365721251692187
ZNF786	0.222465652402077
GSTK1	0.313667345828648
SSPO	0.0184926685057501
AKAP17A	0.062120768549484
KEL_ENSG00000197993	0.625136362550862
CSF2RA	0.848011583121866
TCAF1	0.190890106786886
ATP6V0E2-AS1	0.63048680234464
ZNF783	0.934797735696202
ZNF425	0.00213506198480483
ARSH	0.136574094727748
CRLF2	0.0787576279102871
TRBC2_ENSG00000211772	0.572828514272951
ASIC3	0.48973855319892
_ENSG00000216895	0.0196347825561943
HTR5A-AS1	0.136574094727748
_ENSG00000223511	0.219407355593487
CD99P1	0.0817336064862151
_ENSG00000224016	0.887076653977147
RPL14P5	0.809689103098638
LINC00685_ENSG00000226179	0.326944904992013
EPHA1-AS1	0.607825740129801
HINT1P1	0.73835742740828
_ENSG00000231840	0.876524415465616
_ENSG00000232533	0.741259807729393
ASMTL-AS1	0.948790798647647
_ENSG00000236120	0.426424380641292
CNTNAP2-AS1	0.29280227211569
LINC00106	0.00215756055862607
PRKAG2-AS1	0.409186628278479
SEPTIN7P6	0.0300884071907653
_ENSG00000241449	0.625136362550862
_ENSG00000253882	0.203005178945075
LINC01003	0.224535262824504
_ENSG00000271664	0.942864538802018
_ENSG00000272619	
_ENSG00000272661	0.782271912783081
PAXIP1-AS1	0.327905253995903
_ENSG00000281849	0.62443404830482
ARX	0.568602132622871
HCCS	0.88323503809014
MSL3	0.932733112805896
ZFX	0.228581632085663
PNPLA4	0.640758949093605
CDKL5	0.505484962833442
ANOS1	0.687892281755414
MBTPS2	0.832089250139783
PHKA2	0.0123367900172034
GEMIN8	0.598232525229398
OFD1	0.189814459021999
GPM6B	0.0752968876090259
CTPS2	0.680238674054675
SCML1	0.545411439728902
WWC3	0.881670431613378
ARHGAP6	0.109118222467283
PDK3	0.116858474611355
FUNDC1	0.0663818437721296
MAOB	0.0591059319357411
CLCN4	0.00690985960380379
TXLNG	0.905792125151505
PPEF1	0.491968056578742
PIR	0.968821121230329
STS	0.644311446055444
TBL1X	0.116262572930534
GPR143	0.327147159563908
POLA1	0.825259247909657
MID1	0.857527192300421
PRPS2	0.637704717857898
SRPX	0.527131002763094
GLRA2	0.308233601531629
BMX	0.0568898281383293
ASB9	0.342650322239185
RBBP7	0.589557609602576
SCML2	0.829027154981475
RS1	0.13054157320058
SMS	0.276489071703168
PHEX	0.95993210435446
PCYT1B	0.361343229289264
ACOT9	0.813155307677388
PRDX4	0.649115607130347
RAB9A	0.793425899597675
NDP	0.450550235819577
USP9X	0.78915345092669
SAT1	0.203463683020878
MOSPD2	0.512572934558543
EIF2S3	0.465405615182952
PDHA1	0.0952140541192745
RAI2	0.266940554223985
SHROOM2	0.572621302113426
SH3KBP1	0.332706219673793
TMEM47	0.450527017883997
CASK	0.277117547859545
KDM6A	0.90599119435953
DIPK2B	0.807674512721039
KRBOX4	0.925357928589817
CNKSR2	0.903608919322664
TSPAN7	0.615522849097578
RPGR	0.118559289950249
TAB3	0.719521638996592
CFAP47	0.434721292354229
DYNLT3	0.918783074750851
MID1IP1	0.809942980363799
CXorf58	0.639202119616201
PTCHD1	0.965246446043425
PIGA	0.923455765459683
VEGFD	0.509994426592596
CA5B	0.0579969614281973
ZRSR2	0.840481136052991
IL1RAPL1	0.0103032334789311
REPS2	0.42918924361826
SYAP1	0.0211090688383046
FRMPD4	0.00423542716122137
GPR82	0.505308522423654
GPR34	0.467184722389302
EIF1AX	0.931692981696469
BCLAF3	0.231462095214213
ADGRG2	0.161204494466803
KLHL15	0.0858816038563475
FAM3C2	0.898344988869581
TCEANC	0.927887464774126
RPS6KA3	0.90748407363003
MED14	0.891959408991871
MAP3K15	0.179829657030714
FANCB	0.884195188280769
ATP6AP2	0.413667719821786
AP1S2	0.357808015255422
BCOR	0.281299692968417
EFHC2	0.366957412142909
MAP7D2	0.892486174136201
APOO	0.25915310243599
CXorf38	0.0430376995534727
KLHL34	0.504041301712958
CA5BP1	0.749779154558982
NHS	0.0898249836093277
DCAF8L2	0.487767797905241
MAOA	0.594913427724542
TRAPPC2	0.504961744894062
EGFL6	0.807171063792446
GK	0.646411845843179
DMD	0.852045884238314
TMSB4X	2.10229692894273e-19
_ENSG00000214019	0.523144080600269
DDX3X	0.312720153209741
EIF5P1	0.808178041316175
PHEX-AS1	0.574574457467232
WWC3-AS1	0.737777397021141
TBCAP1	0.134629845649817
_ENSG00000227042	0.606008381544219
_ENSG00000228519	0.857029746603027
_ENSG00000228543	0.29280227211569
ATP5MC2P4	0.395527321393476
_ENSG00000228933	0.918891751183636
PSMA6P2	0.764646087673651
_ENSG00000229491	0.368273735350703
LINC01204	0.136574094727748
LINC02595	0.342650322239185
_ENSG00000231772	0.078211851254911
_ENSG00000231846	0.0999054347185755
EEF1B2P3	0.065164719188142
PTCHD1-AS	0.174773553136347
_ENSG00000233571	0.739517934774556
_ENSG00000233928	0.838713830497769
_ENSG00000234129	0.725385740350091
GAPDHP65	0.842418847628574
_ENSG00000237019	0.268114637692248
_ENSG00000242021	0.345654953589252
GK-AS1	0.856866098435128
_ENSG00000250349	0.0852534651814708
MIR222HG	0.461949247696215
LAS1L	0.261941946243195
SYN1	0.757480419917066
SLC38A5	0.218542925246428
PPP1R3F	0.288355885576467
SLC9A7	0.0709251809030247
TRO	0.344753051406044
OTUD5	0.955654784797091
TFE3	0.610499591957528
TBC1D25	0.749779154558982
GPKOW	0.21094940336515
GRIPAP1	0.594768331037411
FTSJ1	0.635813178336494
SMC1A	0.107339508224225
HSD17B10	0.0981694416012814
ARAF	0.21700737125289
OPHN1	0.834650023398229
DLG3	0.263572800664803
RRAGB	0.208548474776391
HUWE1	0.173819100091919
IGBP1	0.947039080738491
HEPH	0.105354869891978
EFNB1	0.673193628504451
KIF4A	0.806667694730469
HDAC6	0.594621535222962
WDR13	0.251569491739719
SUV39H1	0.203466850489067
CCDC22	0.639558220578487
CACNA1F	0.0999054347185755
SYP	0.103928212271795
PLP2	0.807674512721039
MTMR8	0.325189964574292
ZC3H12B	0.139810953362948
PIM2	0.859117687144212
SLC35A2	0.977824148930021
PQBP1	0.144374139147717
PCSK1N	0.560985885550811
RP2	0.17949302467675
JADE3	0.229024012008063
CDK16	0.0855797940458921
USP11	0.651323629719961
TIMP1	0.935427502700562
FGD1	0.489436231231925
PORCN	0.868753664719006
ITIH6	0.624501927001848
MAGED2	0.724607473882866
RBM3	0.488724455903994
KLF8	0.856415919825091
TEX11	0.521853191329793
PDZD11	0.00172466139344966
NUDT10	0.504674702391583
IQSEC2	0.309559440072912
KDM5C	0.419624861452138
UXT	0.521996440638994
ELK1	0.143460406657645
TIMM17B	0.0256463260143148
ZC4H2	0.741637161953198
STARD8	0.29280227211569
GNL3L	0.136968276919263
UBA1	0.956302701318443
RGN	0.101884798987406
ARHGEF9	0.16584682643824
MSN	0.181076725006988
CCNB3	0.395846344840669
ZNF157	0.118420318902736
ZNF182	0.0513536376955881
CHST7	0.33725271913943
NDUFB11	0.000574741916668501
ZNF41	0.33766583341688
ZMYM3	0.466546426751114
TAF1	0.536889861735892
NONO	0.0725729547471812
CCDC120	0.466620968208065
EBP	0.272469300871698
OGT	0.484563242876394
SNX12	0.759493822821147
GCNA	0.89483711381398
SHROOM4	0.339009505492984
TSR2	0.0816118484286796
PFKFB1	0.3093687259803
PAGE5	0.738937606760991
EDA	0.0246543155886044
SSX5	0.13054157320058
FAAH2	0.0089469710730728
AR	0.44599598047785
APEX2	0.918209685830619
GJB1	0.487767797905241
CLCN5	0.430463576210699
SSX6P	0.572503683533664
PHF8	0.0302510937695633
MAGED1	0.342595218245344
PJA1	0.790883068304798
YIPF6	0.789578214270664
FAM104B	0.141695642996572
RBM10	0.413217021494302
FAM120C	0.112272205698908
GPR173	0.614435241743333
TSPYL2	0.894253765054827
FOXO4	0.624907908229873
MED12	0.819344646480492
SPIN2B	0.633224315409053
MAGEH1	0.6874775114142
CXXC1P1	0.504041301712958
UBQLN2	0.0259515287438603
GSPT2	0.20424554571486
NLGN3	0.0232829873083753
NUDT11	0.85866727712569
WNK3	0.0842269080583329
LINC01560	0.464163603253907
WDR45	0.344893138447874
ZNF81	0.293961715085046
ZXDB	0.942864538802018
SPIN3	0.648676272829609
NBDY	0.218863794559408
SERBP1P1	0.0681700706365031
VDAC1P2	0.246323789710582
ZNF630	0.242111295201463
_ENSG00000224208	0.144215001727512
CCT4P2	0.504041301712958
_ENSG00000226530	0.315867173400119
_ENSG00000226971	0.018478540590437
_ENSG00000227486	0.362534000698627
_ENSG00000228427	0.573875416407613
_ENSG00000229037	0.136574094727748
HSPB1P2	0.19131044510723
LINC01284	
RPS23P8	0.131918333044291
KANTR	0.917368017284956
_ENSG00000232828	0.113425400063372
LINC01278	0.0471000636363667
_ENSG00000235916	0.113073376171241
_ENSG00000236852	0.0573814662367389
PRAF2	0.609899755962489
USP51	0.463213870939749
ZNF674	0.291161728372284
FAM156A	0.0257760462685638
MAGIX	0.574574457467232
USP27X	0.882755027222284
DGKK	0.463322353403075
_ENSG00000279528	0.271431106421493
TSPAN6	0.638922136894634
NOX1	0.369647602289817
BTK	0.0784263656053855
NEXMIF	0.747280464472094
PHKA1	0.671385528236668
RPS6KA6	0.39619754246034
ITM2A	0.847780357663637
MID2	0.0922313360212457
ATRX	0.154525372039197
RBM41	0.223898967294029
UPRT	0.78653753956613
CSTF2	0.428008437086373
RAB40AL	0.572917554686531
PGK1	0.212475581997427
MAGT1	0.358708464727836
KLHL4	0.724178061266208
PCDH11X	0.0791163485444598
PIN4	0.680810377829408
SRPX2	0.550629833150328
SYTL4	0.117912588825046
ZDHHC15	0.315154078126942
CENPI	0.247728656314637
DRP2	0.229050969177077
TAF7L	0.179303947260563
PBDC1	0.0722151024283015
GLA	0.534902498405808
ARMCX3	0.468929013740459
BEX4	0.0101253930699947
PLP1	0.0136172733449952
MORF4L2	0.028283545899319
RAB9B	0.211096664375523
NRK	0.942864538802018
FAM199X	0.661248203286318
POF1B	0.918209685830619
DACH2	0.37224110411726
HNRNPH2	0.147658025269645
ARMCX1	0.823123905457488
TMEM35A	0.338651297563416
NXF5	0.504041301712958
TIMM8A	0.1181338038289
SH3BGRL	0.119658571945504
COX7B	0.014299991318771
RLIM	0.0311700792399711
ABCB7	0.0609063356064694
MORC4	0.294400377974842
BEX2	9.71128022923781e-06
RNF128	0.875968957781539
TBC1D8B	0.225523119803882
TCEAL4	0.00199579590505286
BEX1	3.04262736931303e-09
HDAC8	0.0966098811314484
SLC16A2	0.517764028020598
ZNF711	0.727954434971837
DIAPH2	0.384470406878672
PRPS1	0.197627913987822
RADX	0.427057592554767
FRMPD3	0.146979286279487
APOOL	0.372626241547802
PWWP3B	0.573331567760901
TSC22D3	0.937427398889034
GPRASP2	0.611899995281206
TMSB15B	0.179303947260563
PCDH19	0.687739566926984
ATP7A	0.123483256122488
HDX	0.621557842495395
BRWD3	0.170250063418707
ZMAT1	0.0155525142497404
BEX3	3.34648055704003e-12
ZCCHC18	0.739517934774556
TCEAL1	0.0190170468768486
RAB40A	0.868603978438296
CYSLTR1	0.459425792908579
TENT5D	0.487767797905241
_ENSG00000178146	0.505308522423654
FAM133A	0.20231410288409
TCEAL8	0.422917301774726
TCEAL7	0.0215276969349319
PABPC1L2B	0.136574094727748
BEX5	3.67694923375096e-07
ARMCX2	0.899740626598993
TCEAL2	0.00593544651514296
DMRTC1B	0.741259807729393
TCEAL9	0.0907001852114358
PABPC1L2A	0.0573814662367389
NAP1L3	0.271581070516284
NAP1L2	0.861153025178542
TAF9B	0.194527297096005
CHM	0.238378243183324
TRMT2B	0.766505198572657
IL1RAPL2	0.698154327054006
ARMCX4	0.378750321842799
TCEAL3	0.488479400738184
POU3F4	0.359298319857347
RPS4X	0.238001049727292
HMGN5	0.173873446075063
BHLHB9	0.0257258253942293
MAGEE1	0.774729695030641
TCEAL5	0.0111216636821013
TCEAL6	0.0130780033481099
CHIC1	0.763133257048504
_ENSG00000213269	0.249139121725549
TERF1P4	0.572917554686531
TTC3P1	0.00328061138907286
LINC00630	0.41516675964405
JPX	0.958631710187211
_ENSG00000225471	0.0486846770705135
TRMT2B-AS1	0.942864538802018
_ENSG00000225912	0.00733489950230913
EIF4A1P10	0.0222049145271557
XIST	0.000866679925213513
FTX	0.0221937595389677
ATP5MDP1	0.325854953967061
PHKA1-AS1	0.462897534352869
DDX3P1	0.866534162967282
_ENSG00000236064	0.625136362550862
DIAPH2-AS1	0.0649029628080199
_ENSG00000237682	0.625839017290262
_ENSG00000239407	0.892870508889114
RTL5	0.305295187457441
RPL36A-HNRNPH2	0.685081811396594
_ENSG00000269226	0.487767797905241
SLC25A53	0.348739194359866
MAP2K4P1	0.636481492398396
_ENSG00000270050	0.489089491859393
ARMCX5-GPRASP2	0.0836651027815315
_ENSG00000271199	0.257472650123873
CHMP1B2P	0.179303947260563
_ENSG00000280870	0.690263642875403
_ENSG00000281566	0.808178041316175
KLHL13	0.635673451264419
SLC25A5	0.0322586667575268
LAMP2	0.188352866296894
TENM1	0.314989305796584
CXorf56	0.636857500344022
FHL1	0.992755281345995
ZNF280C	0.129454576501979
ACSL4	0.557067256424936
TRPC5	0.658550139529164
GPC4	0.637693363795376
MBNL3	0.790180941787409
PAK3	0.412662140903755
DCX	0.847059273833328
SLC25A43	0.164031687467301
UBE2A	0.321220559078686
BCORL1	0.513642893522077
PSMD10	0.791665783567552
ATG4A	0.648427954884698
PGRMC1	0.980123678556987
NKAP	0.434212529949306
ALG13	0.997514346260067
MOSPD1	0.205561115493075
AMMECR1	0.203669482548506
CHRDL1	0.551978007598685
XIAP	0.390998142830025
STAG2	0.113925016800481
PLS3	0.766742575500234
ELF4	0.574399207174012
SMARCA1	0.0754616714058209
SLC25A14	0.195002453184162
HTATSF1	0.146794428041404
XPNPEP2	0.0999054347185755
SASH3	0.269120626528756
OCRL	0.135469454277622
RAP2C	0.848742547524694
UPF3B	0.198706996255161
RNF113A	0.325468921941351
SEPTIN6	0.243281756906036
TMEM255A	0.118420318902736
NDUFA1	2.2258524906108e-05
GRIA3	0.171650965692243
THOC2	0.0414957792669695
AMOT	0.0296772638356382
MAP7D3	0.646432421588418
LRCH2	0.111274749862983
IL13RA1	0.811318272202835
WDR44	0.436364650264113
USP26	0.136574094727748
RTL8C	0.166696134018442
RAB33A	0.032717103234015
RBMX2	0.747778324718414
HTR2C	0.476959321505342
DOCK11	0.0757560401075521
IGSF1	0.112768686880494
GPC3	0.789355258115287
FAM122C	0.275205820310997
FAM122B	0.510299153914618
PHF6	0.334673422377058
UTP14A	0.512937910816676
AIFM1	0.442554737987276
TMEM164	0.61325024950439
CUL4B	0.565421238628065
INTS6L	0.519607217970882
ENOX2	0.775164529540031
HPRT1	0.0288311444482186
MMGT1	0.382135272471813
PLAC1	0.202774629484614
HS6ST2	0.00199422706872584
C1GALT1C1	0.345571882961207
ZNF449	0.420130207481713
ZCCHC12	0.811200874667902
LONRF3	0.189028183917432
ZBTB33	0.976157270472869
SMIM10L2A	0.0295446888882017
ZNF75D	0.898766297815735
NKRF	0.906535864579976
AKAP14	0.57335185203678
COL4A5	0.300269485472292
ZDHHC9	0.503957283025434
SMIM10L2B	0.0675461358277229
COL4A6	0.423371121555449
SLC9A6	0.350035673356974
RPL39	0.0865870654584834
LINC01285	0.828419721377533
RTL8A	0.142083724572993
TRPC5OS	0.29280227211569
RTL8B	0.504674702391583
FIRRE	0.22141303230937
TIMM8BP2	0.857766595216948
_ENSG00000225689	0.564752989759753
RPS26P56	0.342650322239185
_ENSG00000227008	0.984841371075399
_ENSG00000228532	0.269493119016605
ALG13-AS1	0.942864538802018
MCTS1	0.0456126527055602
RAP2C-AS1	0.551979293194185
NKAPP1	0.65622427392261
_ENSG00000235189	0.791858925090931
DANT2	0.569858699413434
XACT	0.379791384815513
RTL9	0.377050327258463
RHOXF1-AS1	0.152996293448516
_ENSG00000260585	0.29280227211569
PLS3-AS1	0.688371876851756
_ENSG00000274775	0.0780931516889751
TKTL1	0.144637872852466
IDS	0.0423084862741897
GABRA3	0.119835007572309
DNASE1L1	0.649717160219551
MAMLD1	0.0782782507035831
HMGB3	0.461317659569836
MYOM2_ENSG00000036448	0.996503946797293
ZNF275	0.0665550897874714
MTMR1	0.147456263723516
IDH3G	0.930852425650516
PDZD4	0.442248903109682
ATP2B3	0.378543927795843
ATP6AP1	0.321941664361425
FAM50A	0.78844058413317
FAM3A	0.393597243993668
ARHGAP4	0.607371172647286
ANGPT2	0.70009203921588
ATP11C	0.66290615544165
MCF2	0.636183380400136
ABCD1	0.228395608750376
RENBP	0.0882710391297902
FMR1	0.740764902907848
EMD	0.373693763377496
TAZ	0.655067328383717
UBL4A	0.511518026201322
CD99L2	0.602764587153313
ERICH1	0.161755815939627
ARHGEF10_ENSG00000104728	0.0747321323337994
VAMP7	0.580451755119445
SLC10A3	0.425475590123141
ARHGEF6	0.522512936030452
FGF13	0.222437377884988
PRRG3	0.632990738138323
SLC6A8	0.46123118808115
PNCK	0.126503391628371
DKC1	0.399908900605385
PLXNA3	0.497768072551248
MPP1	0.900043799495022
RBMX	0.00227573902712659
MCPH1	0.45511634001265
FBXO25	0.42363515541631
NSDHL	0.0854688939481203
ZNF185	0.369189293096344
CETN2	0.0117203198037231
RPL10	0.466869435742567
AGPAT5	0.80659754301926
VBP1	0.0558963275721859
RAB39B	0.0811873131225778
CLIC2	0.226845084110944
AFF2	0.918209685830619
VMA21	0.489716607821688
G6PD	0.0791467345144501
GAB3	0.644771897791849
MAGEC3	0.368731337428235
FUNDC2	0.921040165294356
SPRY3	0.229181304934533
MECP2	0.174399244041058
MTM1	0.212835368188074
HCFC1	0.397845304812012
ZNF596	0.157183352171665
KBTBD11_ENSG00000176595	0.585924743085204
TMEM187	0.424369665128759
SLITRK4	0.506278154559286
TDRP	0.153835469068002
SSR4	0.010503436070442
LDOC1	0.507078541085818
CLN8_ENSG00000182372	0.866253852543868
WASH6P	0.00218523932716984
BGN	0.0355821201361968
CSMD1	0.599013818477783
PNMA3	0.162435186495302
IRAK1	0.945894896256501
CDR1	0.690202247096277
F8	0.315229183485695
BRCC3	0.701884753174259
BCAP31	0.688874636753046
TMLHE	0.689003047307687
SLITRK2	0.802019056097349
ZFP92	0.247259745634029
FLNA	0.793957515400986
LAGE3	0.0666869889458632
CXorf40B	0.504674702391583
_ENSG00000197180	0.385843320080221
CXorf40A	0.605100615006104
DLGAP2_ENSG00000198010	0.646323461246393
SPANXA1	0.608280459267516
PNMA5	0.24749412322599
L1CAM	0.329226493270275
GDI1	0.679892376637736
LINC00632	0.419792610047128
MTCP1	0.462265222691902
FTH1P8	0.198551059282971
RPL23AP53	0.274624974839318
TMLHE-AS1	0.56564932393143
PNMA6F	0.0678047437470992
_ENSG00000225970	0.625136362550862
_ENSG00000227303	0.627346182836156
_ENSG00000229269	0.0999054347185755
_ENSG00000232611	0.291049744894545
_ENSG00000234062	0.633859492378082
LINC00894	0.489851003592463
PNMA6A	0.991636522971867
SRRM1P3	0.0606157582271592
LINC00893	0.883715089171233
_ENSG00000246089	0.898900525755339
MCPH1-AS1	0.163496908302216
DLGAP2-AS1	0.316351390846194
_ENSG00000253853	0.0150078792360715
_ENSG00000253880	0.466549248303078
_ENSG00000253982	0.362000012570679
_ENSG00000254319	0.698493268129147
_ENSG00000260081	0.57335185203678
CCNQ	0.640390689875374
IKBKG	0.297288518021167
TMEM185A	0.119164773434927
F8A1	0.882275059404334
SPANXA2-OT1	0.0126892066820321
MTMR7	0.136131288122924
SLC7A2	0.0557930093658225
RHOBTB2	0.475427283902605
STMN4	0.154016756540829
MSR1	0.193518839401474
ADAM28	0.995192940523175
LZTS1	0.477226263853034
PCM1	0.608772093067469
FDFT1	0.457710821039962
DPYSL2	0.554461123693146
PDGFRL	0.808681649377684
ZDHHC2	0.297910796121725
TRIM35	0.953605003292835
SH2D4A	0.291530338014222
INTS10	0.492134431700739
ERI1	0.329780144452486
SLC39A14	0.00279318514142242
MTMR9	0.742554967993586
R3HCC1	0.395885136763727
TNFRSF10A	0.855965787926627
NEFM	0.0119672291312126
TUSC3	0.0407531833262574
KCTD9	0.168183143670398
FGL1	0.257223145710933
ASAH1	0.307579744944068
BNIP3L	0.0443031801053867
CLU	0.00259750674039191
TNFRSF10B	0.780551230482174
SORBS3	0.562658030432984
PTK2B	0.685307279016052
CHRNA2	0.0681700706365031
ADRA1A	0.859163377345441
PPP3CC	0.383952558252771
EPHX2	0.137448289786574
MTUS1	0.953321628511954
XPO7	0.097453158357963
LOXL2	0.801336330384786
ELP3	0.849560241597948
PEBP4	0.68019576847716
MFHAS1	0.944000361887153
CSGALNACT1	0.807363593456685
ATP6V1B2	0.824428087266525
CCDC25	0.855164364106593
BIN3	0.426881530375153
SLC25A37	0.183034527600368
CHMP7	0.299260031045199
DOCK5	0.541135002911545
TDH	0.841744946087395
FAM167A	0.854454172346039
NEIL2	0.798719598720255
LONRF1	0.182780226794921
MICU3	0.251108705278595
VPS37A	0.869847442336052
PSD3	0.0275273330559591
NPM2	0.0662441321890596
FGF17	0.218542925246428
DMTN	0.70293130551126
FAM160B2	0.553771137958577
CCAR2	0.967609575057897
CTSB	0.591074183976637
DLC1	0.00014945511480783
SCARA3	0.158694779908162
SCARA5	0.942864538802018
PNOC	0.156998721320781
HR	0.985361051690534
LGI3	0.559144592864024
SFTPC	0.29280227211569
BMP1	0.352362234259697
PHYHIP	0.801056969679199
POLR3D	0.465058364575853
GFRA2	0.18362590490357
XKR6	0.155785605567472
SOX7	0.29280227211569
TNKS	0.896326212492955
FAM86B3P	0.682008537597787
LPL	0.392514480229007
MSRA	0.847243555493616
EGR3	0.38035983375672
RP1L1	0.0351495450235954
FAM167A-AS1	0.434791168138604
SGCZ	0.0408310643159692
_ENSG00000187229	0.949460506024894
NUGGC	0.919573876223222
PIWIL2	0.129944770082468
ENTPD4	0.56039520348572
CNOT7	0.704013958271503
FAM90A2P	0.186119820664704
FAM66B_ENSG00000215374	0.165456615297863
PPP2R2A	0.810578609753207
FAM66E	0.740679035564108
FAM66A	0.937077791513935
SDAD1P1	0.635073047200141
RPL10P19	0.303151485249039
DEFB131D	0.128641418370273
PNMA2	0.472085308094853
DEFB109A	0.218830796410528
RPS3AP34	0.144849664408153
_ENSG00000245025	0.136574094727748
_ENSG00000245281	0.625839017290262
_ENSG00000248896	0.269120626528756
ENPP7P1	0.25944712210821
_ENSG00000249258	0.635317005591422
TRMT9B	0.00328079025315469
ALG1L12P	0.504041301712958
_ENSG00000253125	0.574989037181113
LINC02153	0.29280227211569
LINC00599	0.705138832707697
_ENSG00000253300	0.0541656907701244
_ENSG00000253496	0.151128199957442
_ENSG00000253535	0.0886286153217006
_ENSG00000253557	0.885155508586149
_ENSG00000253641	0.135210290211091
PRSS51	0.0816630289349582
_ENSG00000253690	0.635073047200141
LZTS1-AS1	0.29280227211569
_ENSG00000253735	0.901123166061073
_ENSG00000253832	0.942864538802018
_ENSG00000253837	0.62443404830482
_ENSG00000253875	0.257145093580917
FAM85B	0.0381584925605579
_ENSG00000253944	0.000140800853859788
_ENSG00000254064	0.650318941745067
_ENSG00000254092	0.0681700706365031
_ENSG00000254237	0.000476874267001278
FAM66D	0.461313493916758
_ENSG00000255495	0.627346182836156
ENPP7P6	0.634703118281967
PINX1_ENSG00000258724	0.606462493213343
_ENSG00000261451	0.573331567760901
_ENSG00000272157	0.218542925246428
_ENSG00000272163	0.810696872280556
_ENSG00000272505	0.887076653977147
NUDT18	0.899456112186753
PRAG1	0.362210376440338
NEFL	2.59669496098055e-05
_ENSG00000280294	0.28026756009062
RPS20	0.991723264978257
EXTL3	0.0979317727348717
ADGRA2	0.637665096818348
RB1CC1	0.58910178421367
ANK1	0.846698779891483
EFCAB1	
ATP6V1H	0.562681585155985
POLB	0.0675146112757217
AP3M2	0.51561042662278
FGFR1	0.719940289788264
VDAC3	0.0382697890268837
OPRK1	0.0681700706365031
KAT6A	0.694270917979231
DDHD2	0.0232973232721425
BRF2	0.626939520049505
FZD3	0.00412894527729886
INTS9	0.8737819330331
IMPAD1	0.495689003744787
SFRP1	0.130899108018987
IKBKB	0.729433292658683
PLAT	0.219407355593487
LEPROTL1	0.544602223593698
DCTN6	0.420491271255669
GSR	0.519089005011939
UBXN8	0.299347004007367
PPP2CB	0.0601855757474721
MCM4	0.623690306494899
DUSP4	0.48864871297649
RNF170	0.153790586006028
LYPLA1	0.770830869004567
ASH2L	0.51098348597642
TTI2	0.777873128101017
IDO1	0.950877338803013
THAP1	0.0818539473843229
TEX15	0.727489536034567
SARAF	0.362348375790323
DUSP26	0.356609332670171
MRPL15	0.0465969017344692
TGS1	0.344265693874538
HMBOX1	0.0861517026392216
CHRNB3	0.394537582414807
CHRNA6	0.152527631369862
PLPBP	0.819344645786174
ERLIN2	0.150872589118163
SNTG1	0.00805853252465833
PXDNL	0.991140362414708
ST18	0.47896811535287
RGS20	0.123241446346714
TACC1	0.830489363202708
GOLGA7	0.416138028191244
PLPP5	0.955169989131647
NSD3	0.741173138177432
RAB11FIP1	0.396804347354262
UNC5D	0.567224653582556
BAG4	0.0369377986738651
RBPMS	0.940097501641896
NRG1	0.359464246670365
GPAT4	0.253835688974802
SPIDR	0.447483390257397
LETM2	0.219696043786173
ZMAT4	0.583997404545854
HGSNAT	0.638257702987537
WRN	0.664681063686144
TMEM68	0.618518325584884
HOOK3	0.279344333974585
PCMTD1	0.893036735753192
FNTA	0.523297346538496
SLC20A2	0.392121256411971
ADAM9	0.526824930013054
ADAM18_ENSG00000168619	0.269493119016605
UBE2V2	0.0336793762942436
TM2D2	0.507079107286795
PLEKHA2	0.68966288047465
SDR16C5	0.0351495450235954
CHCHD7	0.371636289502076
FUT10	0.243991730753861
PURG	0.0189243131689051
LSM1	0.176800798213924
SMIM19	0.650469419225605
TCIM	0.917527680662566
PENK	0.393188147716319
PLAG1	0.899456112186753
ZNF703	0.717927084461437
POMK	0.646770984089197
ZNF395	0.0537332338333756
TCEA1	0.402203429094252
EIF4EBP1	0.62328466741881
IDO2	0.219696043786173
RPL10AP2	0.489089491859393
ADAM5	0.917527680662566
C8orf86	0.606008381544219
ADAM32_ENSG00000197140	0.919626444758427
GTF2E2	0.490147561721184
KIF13B	0.0784065572738821
MAK16	0.378793222233101
XKR4	0.507888116896224
FBXO16	0.0338825611099881
CEBPD	0.0101053090965644
_ENSG00000228801	0.385790773312671
LSM12P1	0.918891751183636
_ENSG00000236814	0.827599407754762
_ENSG00000247134	0.222554108877537
_ENSG00000248347	0.204738168462694
ASNSP1	0.941897840424846
LINC00589	0.29280227211569
_ENSG00000253108	0.733899815519752
_ENSG00000253133	0.956900556709049
LINC01605	0.505308522423654
LINC01606	
_ENSG00000253344	0.368731337428235
_ENSG00000253354	0.886115997615463
_ENSG00000253356	0.381041359716503
_ENSG00000253361	0.248198189085803
_ENSG00000253363	0.737777397021141
_ENSG00000253408	0.13054157320058
_ENSG00000253452	0.316665433752164
SMIM18	0.269865965127032
_ENSG00000253567	0.24749412322599
_ENSG00000253608	0.461002046517062
_ENSG00000253642	0.335167667472812
PRKDC	0.679514952566636
_ENSG00000253844	0.62443404830482
_ENSG00000253939	0.316665433752164
_ENSG00000253976	
LYN	0.480191589390144
_ENSG00000254129	0.57208995440667
_ENSG00000254254	0.392177909068904
_ENSG00000254687	0.29280227211569
_ENSG00000255101	0.505308522423654
_ENSG00000255201	0.396165523669451
_ENSG00000255366	0.918209685830619
_ENSG00000271869	0.518176423078408
_ENSG00000272343	0.218542925246428
_ENSG00000272479	0.342650322239185
NSMAF	0.00196920146954695
STAU2	0.69363171207989
PREX2	0.12786893117226
ARFGEF1	0.694595853331999
MTFR1	0.841915522401074
TRAM1	0.318335622393369
TPD52	0.271038222822522
PAG1	0.490825926726446
RUNX1T1	0.961989357616639
CPNE3	0.129513370323493
ZFHX4	0.0530887572475521
SGK3	0.26953868713956
CSPP1	0.896956414758863
ZFAND1	0.323079162666663
CA2	0.100839046738953
RIPK2	0.199016170710656
EYA1	0.921098687015946
NBN	0.827897958637701
DECR1	0.109387165950651
CALB1	0.638995852585125
JPH1	0.519490077473848
GDAP1	0.690699438039575
RAB2A	0.883266188477478
ZC2HC1A	0.208275825227489
IL7	0.508316579734552
STMN2	5.09911907401517e-08
ARMC1	0.151769909921764
SNX16	0.727416700896049
CRISPLD1	0.0945975525897269
COPS5	0.635316999346611
RDH10	0.0121659143357868
NECAB1	0.721125490983163
WWP1	0.477904738414073
IMPA1	0.894562383770129
LRRCC1	0.130500751190815
E2F5	0.225523119803882
CA1	0.923713940595489
PI15	0.00714146427877315
TTPA	0.377728294587395
GGH	0.0637498492929719
SLCO5A1	0.463527077688956
SULF1	0.773422200694112
SDCBP	0.600113906141003
NCOA2	0.0587792072836491
CRH	0.775331148648351
ADHFE1	0.380770130583186
MRPS28	0.819571142495557
PMP2	0.390738211593822
LACTB2	0.0872170543904932
TERF1	0.161045121296994
RPL7	0.334710338405646
ATP6V0D2	0.136574094727748
ELOC	0.0686889179815778
LY96	0.855965787926627
PIP4P2	0.0601439278277127
OTUD6B	0.469953207895858
MMP16	0.961277983137821
HEY1	0.830491990616379
ZNF704	0.941796804783579
FABP5	0.412347094284703
HNF4G	0.195597723732673
PEX2	0.393394675067184
OSGIN2	0.371080039048399
CA3	0.886748077518065
SLC7A13	0.942864538802018
CPA6	0.650318941745067
C8orf34	0.0717190431364901
_ENSG00000167912	0.860542519824485
VXN	0.488605912883547
FAM110B	0.242325884727211
CNGB3	0.0385354973418893
PKIA	0.529591811688731
CHD7	0.172443476642384
CYP7B1	0.92556940432111
VCPIP1	0.722298748267999
TMEM70	0.113060188465938
CNBD1	0.151373512562996
RMDN1	0.280536860310102
RBIS	0.111523192570664
CLVS1	0.474731978104676
PPP1R42	0.879116116236039
MCMDC2	0.355432188277529
CA8	0.594197088703294
TMEM64	0.325570213226263
BHLHE22	0.369189293096344
KCNB2	0.22166795445088
RALYL	0.0396658152556832
CA13	0.335405979778577
MYBL1	0.515847638601346
YTHDF3	0.787467995256496
NKAIN3	0.0487875966872105
ASPH	0.8015930471634
TOX	0.0244976574906999
ZBTB10	0.140238711577283
PDE7A	0.68875637070653
LRRC69	0.520295321119437
UBXN2B	0.493101702643538
XKR9	0.00800822371999873
MSC-AS1	0.135094046879299
SNHG6	0.487770120256831
LACTB2-AS1	0.396804347354262
_ENSG00000246528	0.269865965127032
C8orf34-AS1	0.342650322239185
_ENSG00000248858	0.1557880120397
_ENSG00000249328	0.0350334660593213
_ENSG00000250031	0.740679035564108
RDH10-AS1	0.446134363893516
_ENSG00000250869	0.504041301712958
_ENSG00000250979	0.368731337428235
_ENSG00000251136	0.0841959603706975
LINC01301	0.530503203326745
_ENSG00000251867	0.809185336705294
_ENSG00000253116	0.368731337428235
_ENSG00000253197	0.28026756009062
_ENSG00000253238	0.270849987292667
C8orf88	
_ENSG00000253322	0.505308522423654
_ENSG00000253341	0.344937388829715
LINC00534	0.630592737969367
SRPK2P	0.518009790981326
_ENSG00000253500	0.0709831853480802
_ENSG00000253503	0.859568143014238
_ENSG00000253553	0.0102170571900387
LINC01414	0.313829509599334
_ENSG00000253636	0.372644649782206
LINC01592	0.900011747894475
ZFHX4-AS1	0.704669122696098
_ENSG00000253706	0.369189293096344
LINC01289	0.29280227211569
OTUD6B-AS1	0.923958925529389
_ENSG00000253762	0.739517934774556
_ENSG00000253784	0.342650322239185
_ENSG00000253836	0.0573814662367389
_ENSG00000253901	0.898344988869581
_ENSG00000254031	0.179303947260563
LINC01299	0.489089491859393
LINC02839	0.179303947260563
_ENSG00000254180	0.738937606760991
_ENSG00000254202	0.0681700706365031
_ENSG00000254222	0.368273735350703
_ENSG00000254251	0.941897840424846
PKIA-AS1	0.686177840099726
LINC01111	0.45298685769716
MIR2052HG	0.483745796218556
_ENSG00000254366	0.942864538802018
MIR124-2HG	0.501426636986146
_ENSG00000254538	0.846374627259612
_ENSG00000255397	0.255422628617693
_ENSG00000258677	0.810192948357246
_ENSG00000260838	0.29280227211569
TCF24	0.144637872852466
_ENSG00000272010	0.368273735350703
LINC01607	0.625839017290262
RNF19A	0.00510520973683016
RRM2B	0.160689055245731
TAF2	0.103155004438458
PABPC1	0.125320624847623
GRHL2	0.342650322239185
CPQ	0.623358186122638
LAPTM4B	0.106986236807905
POP1	0.642456026233557
NIPAL2	0.758364469522058
STK3	0.726510078818798
EIF3E	0.028372735580495
EMC2	0.606083370774782
ESRP1	0.129074735386312
TRPS1	0.00779116151330808
SPAG1	0.0413731021870721
NCALD	0.513095376502518
UBR5	0.727628962656383
ANXA13	0.178151179202961
SQLE	0.0408246828665342
NUDCD1	0.723531344520869
ENY2	0.413743921790307
ZNF706	0.969382844760814
RIDA	0.609568285304828
VPS13B	0.799197462569201
RGS22	0.428613254620825
MATN2	0.00432655535015632
ENPP2	0.411757841773452
DSCC1	0.633765758880087
DERL1	0.819845599258224
CCN3	0.803151658147088
SYBU	0.0664607936622373
DPYS	0.622473732127714
MTDH	0.307962524394645
LRP12	0.638560795948875
EBAG9	0.541704134346761
RSPO2	0.649173025895308
POLR2K	0.0364052769003219
MAL2	0.268691613280025
EIF3H	0.189258940887474
UTP23	0.762055153198758
NDUFB9	0.0322759231355091
TATDN1	0.84616726661624
FAM83A	0.48953048482304
ANGPT1	0.0819659219349199
KLF10	0.168716399190071
AZIN1	0.912378415965411
ATP6V1C1	0.0782005509582564
DEPTOR	0.842855856034884
DPY19L4	0.0171737533542207
NDUFAF6	0.00395860826600836
C8orf37	0.479050972617604
UQCRB	0.0114474328666118
MTERF3	0.890795068118745
PTDSS1	0.176802455281789
RPL30	0.063004736471074
KCNS2	0.144215001727512
TBC1D31	0.709464247062384
WDYHV1	0.065714605895646
ATAD2	0.29383663597136
FBXO32	0.0744690944849286
NSMCE2	0.00126509446907527
RAD21	0.757886748637864
SLC30A8	0.0869186454450027
MED30	0.680904267157463
KCNV1	0.307386620474614
CSMD3	0.0611596072267728
OXR1	0.418417158857332
TMEM74	0.221920506010039
COX6C	2.33567310986566e-08
YWHAZ	0.0600619262188272
BAALC	0.11649010442947
FZD6	0.416618997834302
CTHRC1	0.57335185203678
SLC25A32	0.303996463931149
DCAF13	0.687274529265227
TP53INP1	0.623761750912466
INTS8	0.569960693051374
VIRMA	0.941394071910151
GEM	0.175139516313329
PDP1	0.748801287878304
TMEM67	0.649483337317931
WASHC5	0.0720841283485423
TMEM65	0.309248623487882
SDC2	0.532420661192851
ZFPM2	0.743898372307324
MTSS1	0.5758230448773
RNF139	0.486005752295295
HAS2	0.505308522423654
SNTB1	0.539940146997419
MTBP	0.143027506206633
MRPL13	0.113864879954643
TRIB1	0.0512878063774225
SNX31	0.9890381951192
CCNE2	0.269120626528756
PLEKHF2	0.731128292335684
RIMS2	0.0166760343896804
FAM91A1	0.41742015029839
ERICH5	0.368273735350703
SAMD12	0.495851511319752
ZHX2	0.560938151423228
TSPYL5	0.845977888322095
EXT1	0.751945286717489
TRMT12	0.815376789977962
RBM12B	0.641739896179636
COLEC10	0.0999054347185755
ANKRD46	0.0830163517183066
COL14A1	0.394220944362196
FAM92A	0.555559317862836
C8orf76	0.0421490284570839
RAD54B	0.9985797616614
AARD	0.0351495450235954
TRIQK	0.210054617665131
_ENSG00000214803	0.737777397021141
FER1L6	0.899456112186753
_ENSG00000225885	0.513445887773114
NACA4P	0.0546265902366628
BAALC-AS2	0.180692930312614
RPL34P18	0.65247460743192
RPSAP48	0.136574094727748
UBA52P5	0.0387775781450748
RNF139-AS1	0.899456112186753
UBR5-AS1	0.314256419205498
LINC00535	0.705416664182337
BAALC-AS1	0.498295815562983
_ENSG00000248762	0.918209685830619
LINC00964	0.57335185203678
LINC00536	0.691301340460783
ZFPM2-AS1	0.958969111587151
LINC01609	0.879518217806464
_ENSG00000253122	
_ENSG00000253286	0.136574094727748
AZIN1-AS1	0.706081957840478
_ENSG00000253398	0.393862515202034
_ENSG00000253420	
LINC02237	0.73835742740828
_ENSG00000253477	0.625136362550862
_ENSG00000253582	0.345144891644804
_ENSG00000253607	0.269764307338589
_ENSG00000253619	0.918209685830619
_ENSG00000253633	0.941897840424846
_ENSG00000253704	0.569573799004655
C8orf37-AS1	0.287043645792743
_ENSG00000253796	0.489089491859393
FER1L6-AS2	0.269120626528756
LINC01608	0.162161078157463
VPS13B-DT	0.181807538407379
MAL2-AS1	0.136574094727748
_ENSG00000254248	0.342650322239185
_ENSG00000254303	0.392851226455996
_ENSG00000254343	0.179303947260563
PTMAP15	0.29280227211569
ZHX1-C8orf76	0.203172518555563
ZNNT1	0.320091713466518
_ENSG00000271971	0.636481492398396
_ENSG00000272321	0.179303947260563
_ENSG00000279138	
SAMD12-AS1	0.0161006839830727
ST3GAL1	0.461989441708874
ZC3H3	0.919347971643727
SLC45A4	0.931855734116948
TG	0.423897014479813
ZFAT	0.568165154656931
CPSF1	0.0985714928430083
RFX3	0.000327720517859611
SMARCA2	0.0178339175026271
PUM3	0.831765771788353
JAK2	0.983245505429181
ERMP1	0.848009380699828
NDRG1	0.619057439850434
CHRAC1	0.0514201779645257
GML	0.504674702391583
TSTA3_ENSG00000104522	0.176800798213924
PYCR3_ENSG00000104524	0.269292264227779
EEF1D_ENSG00000104529	0.0173717863916507
DENND3	0.915240983525327
SPATA6L	0.843647747518698
SLC1A1	0.0704740565707914
CDC37L1	0.419194495908281
PLGRKT	0.226642170790821
RIC1	0.138254543370536
KDM4C	0.608909892510941
DOCK8	0.286352462886725
KANK1	0.103751616336978
GLIS3	0.798399699994459
RCL1	0.657576161878646
AGO2	0.145622603120803
PHF20L1	0.973879999365556
LRRC6	0.267808318398675
THEM6	0.00425058714290216
KHDRBS3	0.00693493065557515
EFR3A	0.966105224035562
IL33	0.57803229771856
DMAC1	0.00147641926321372
RANBP6	0.920219330659676
DMRT1	0.626126534592971
FAM135B	0.184078447358142
ZNF7	0.868808500929538
ARHGAP39	0.901338589383116
SLC39A4	0.574574457467232
NAPRT_ENSG00000147813	0.285866074918832
VLDLR	0.688371876851756
AK3	0.120651753096758
UHRF2	0.359159331086289
FAM49B	0.138952563243757
ASAP1	0.00252426149292359
PTPRD	0.0510736740577709
ADCY8	0.755309476445869
SLA	0.738937606760991
RHPN1	0.962340755505467
LY6E_ENSG00000160932	0.88638952173759
VPS28	0.187185297659469
TONSL	0.206882826200456
RECQL4	0.219696043786173
LRRC14	0.415365403335567
PPP1R16A	0.135540838528102
RPL8	0.00620440674923301
TMEM71	0.0335651909420408
TRAPPC9	0.120468016500797
MFSD3	0.636160229995125
GPT	0.19263895403177
KIFC2	0.760812554320159
KCNV2	0.504041301712958
LRATD2	0.316351390846194
PTK2	0.549220479698804
KCNK9	0.391505292082822
COL22A1	0.344578962984235
COMMD5	0.101924276391073
ZNF16	0.125467697320703
TSNARE1	0.0492912487424605
CBWD1	0.11363687176741
ADCK5	0.112547060462028
LY6H_ENSG00000176956	0.405543384884814
C8orf31_ENSG00000177335	0.00262051873138554
PLEC	0.709841847505685
GLDC	0.173990806023837
PARP10	0.118843185177579
GRINA	0.190998898816727
EXOSC4	0.955805422864134
CYC1	0.424294256798251
SHARPIN	0.716509477301253
MAF1	0.646814839658892
WDR97	0.848862222171998
MROH1	0.255147056967557
TIGD5_ENSG00000179886	0.571262922647071
PUF60_ENSG00000179950	0.38084484545619
LYNX1	0.0650434702890343
SCRIB_ENSG00000180900	0.65410375601819
FAM83H_ENSG00000180921	0.269865965127032
MAPK15_ENSG00000181085	0.369647602289817
ZNF707_ENSG00000181135	0.736674810389137
WASHC1	0.991821650212692
ADGRB1	0.000477699344729775
C8orf33	0.27458185512168
FBXL6	0.101924276391073
ZNF623_ENSG00000183309	0.787114585301182
KIAA2026	0.596596316326506
KCNQ3	0.6897996631209
TOP1MT	0.651830530802977
PTP4A3_ENSG00000184489	0.390045141004828
DGAT1	0.683198150075456
HSF1	0.0887094256953322
NRBP2	0.0235835789260125
ZNF696	0.305971628114825
SLC52A2	0.677044716916518
SPATC1	0.186666731984897
CYHR1	0.252077700794579
ZNF250	0.484850312154667
ZNF34	0.642321791160607
ZNF252P	0.758264170923197
ZNF517	0.203929285932752
PDCD1LG2	0.917527680662566
GPAA1	0.895258717206243
ZNF251_ENSG00000198169	0.631166114502454
ARC	0.0212988126643018
PLPP6	0.810192948357246
_ENSG00000226490	0.684534040757669
CARM1P1	0.368273735350703
CCDC26	0.205396334080122
ATP5PDP2	0.283516660671665
RFX3-AS1	0.093697345675582
_ENSG00000233367	0.144849664408153
JRK	0.0339306558443036
HGH1	0.242505639073136
VLDLR-AS1	0.322498364878097
_ENSG00000236924	0.783474620675132
CASC8	0.625136362550862
LY6E-DT	0.849583623493973
CASC11	0.460371182626551
PVT1	0.173674543412798
GLI4	0.129997268884637
_ENSG00000253288	0.386417014739688
PCAT1	0.152839951192526
_ENSG00000253627	0.0011511825719037
_ENSG00000253656	0.342650322239185
MINCR	0.114483143449313
_ENSG00000253720	0.918891751183636
LNCOC1	0.898900525755339
_ENSG00000253992	0.228395608750376
LINC01591	0.202774629484614
LINC02055	0.14573408766994
LINC00824	0.605088409997481
_ENSG00000254361	0.144637872852466
LRRC24	0.53418232156616
_ENSG00000255182	0.369647602289817
SNRPEP2	0.761033607177928
_ENSG00000259891	0.627600576640389
SCX	0.268585263028295
_ENSG00000261220	0.882275059404334
BOP1	0.779809359207806
SCRT1	0.157674412511159
_ENSG00000264668	0.423581710939803
_ENSG00000265393	0.116175167209756
_ENSG00000277332	0.29280227211569
_ENSG00000279518	0.227575497892034
FAM214B	0.147849608761923
PRSS3	0.112259984895045
CNTLN	0.705540731164092
FRMPD1	0.798440854848797
GBA2	0.478980764222752
DNAJA1	0.0651922166831088
B4GALT1	0.915629517669917
CHMP5	0.555148963494812
NFX1	0.594759568323056
IFT74	0.307768740985247
ELAVL2	0.965774770968711
TESK1	0.870814718719005
CREB3	0.403006596052151
RGP1	0.521796729125162
MPDZ	0.474057988484109
DDX58	0.116785524268601
BAG1	0.783776686453952
SH3GL2	0.326273669451374
UBE2R2	0.932819344226563
TEK	0.571676367409777
CAAP1	0.605262728582511
MOB3B	0.560257169023086
SMU1	0.961239468310804
GLIPR2	0.027327614368234
CLTA	0.0764860872785326
RECK	0.423728225855338
ACO1	0.746664605850993
PHF24	0.805694266304016
DNAI1	0.900011747894475
DCAF10	0.0483571620157901
CNTFR	0.0469638133837559
POLR1E	0.688371876851756
PLAA	0.627684130917149
IL11RA	0.561791656817974
UBAP2	0.798034643856318
APTX	0.470584588233458
RNF38	0.898092235359175
TLN1	0.0363807050283409
DNAJB5	0.421718359021434
SPAG8	0.765599416133232
DCTN3	0.000377621152309147
CD72	0.990840048695018
TMEM8B	0.491798377400236
GRHPR	0.361246248209335
ALDH1B1	0.368273735350703
HINT2	0.673251545123529
DENND4C	0.591305069628314
RPS6	0.0682241968626514
NFIB	0.00179464402692355
PLIN2	0.623725214517901
HAUS6	0.836694412370222
C9orf72	0.0604041320513031
ZCCHC7	0.254874073648392
FBXO10	0.102778029810163
SIGMAR1	0.646442820529406
LURAP1L	0.328657927191599
TTC39B	0.795133802470707
SAXO1	0.820920428763558
RRAGA	0.500155852219648
SLC24A2	0.0955085410449348
CCDC107	0.594577191177928
NPR2	0.193880772035957
GNE	0.292579209503569
FREM1	0.246451750058942
RPP25L	0.653331264212027
FAM219A	0.110868745969493
C9orf24	0.070051531854845
SNAPC3	0.864379231697377
MYORG	0.361411852273374
NUDT2	0.873280005373557
PSIP1	0.179151484635742
CCDC171	0.958711725645637
UBAP1	0.772523099204914
NDUFB6	0.104041138408806
NOL6	0.0955427847150354
TRMT10B	0.0802844104157518
VCP	0.438032085603283
PIGO	0.877774416274468
STOML2	0.0392953000480464
MELK	0.893280863844027
ZBTB5	0.244448592855567
ENHO	0.0172311861917325
MLLT3	0.298376082040129
MIR31HG	0.307780324168863
BNC2	0.021507524563996
LINGO2	0.991820828704134
ZDHHC21	0.0218138131519096
ACER2	0.219407355593487
ADAMTSL1	0.161538153476657
ATP8B5P	0.182969709367754
KIF24	0.780584924736943
_ENSG00000187186	0.503787448734064
FOCAD	0.22544341788693
HACD4	0.622879142596029
PAX5	0.394199961359589
TOPORS	0.349446833906977
TPM2	0.127768199991288
KLHL9	0.0691504907302745
TUSC1	0.48864871297649
UNC13B	0.143070132555669
RUSC2	0.551751587420273
DCAF12	0.499530909408298
GALT	0.388307137864857
PRDX1P1	0.179240437905709
_ENSG00000215237	0.633191719417109
FANCG	0.375560359927861
_ENSG00000225472	0.0978982557183546
PTPRD-AS1	0.144003921875799
CYP4F26P	0.901123166061073
PTPRD-AS2	0.942864538802018
_ENSG00000227388	0.0765267859304688
_ENSG00000228352	0.395527321393476
PABPC1P11	0.342650322239185
_ENSG00000230074	0.388308801777117
ANKRD18B	0.504674702391583
CLCN3P1	0.42515960071491
_ENSG00000232176	0.735904273193072
_ENSG00000233668	0.269120626528756
_ENSG00000234021	0.869032292824817
_ENSG00000234297	0.170436628377121
LINC01239	0.22844924153868
LURAP1L-AS1	0.487327661942389
SMIM27	0.230064806747713
_ENSG00000236796	0.738937606760991
_ENSG00000237153	0.218542925246428
PTENP1	0.461317659569836
CDKN2B-AS1	0.144003921875799
_ENSG00000255872	0.36485964876086
_ENSG00000256966	0.48953048482304
_ENSG00000260412	0.245390319634073
_ENSG00000260912	0.29280227211569
_ENSG00000261402	
_ENSG00000272871	0.396165523669451
_ENSG00000279608	0.20231410288409
LINC01242	0.0934951457226738
PTENP1-AS	0.739517934774556
EBLN3P	0.159225761890196
TRPM3	0.458765919973774
PCSK5	0.219366365445322
CNTNAP3	0.0908721124563231
NMRK1	0.925990839747194
PRUNE2	0.647053147133653
TLE4	0.794087374233614
PIP5K1B	0.350944028887723
APBA1_ENSG00000107282	0.932790297979978
ABHD17B	0.25456974437144
ZFAND5	0.0728501221285334
TRPM6	0.345654953589252
GDA	0.647847910012893
KLF9	0.882287263518504
TJP2	0.625395862620939
OSTF1	0.941002640277598
RFK	0.060972213899647
C9orf40	0.345654953589252
ANXA1	0.642317360720026
CEMIP2	0.880798503847542
FAM189A2	0.0846672365360107
PSAT1	0.556125883734192
CBWD5	0.169014214052645
CEP78	0.0117563379446168
PGM5	0.925990155413584
CNTNAP3B	0.8953913026861
C9orf85	0.102654314005695
CARNMT1	0.701135545358551
GNA14	0.635903359336432
GNAQ	0.213660217229766
FXN	0.602552005882714
MAMDC2_ENSG00000165072	0.924608879864282
TMC1	0.0711557588852072
ALDH1A1	0.0845906827577217
RASEF	0.018478540590437
_ENSG00000170161	0.377050327258463
ANKRD20A4	0.834339784849936
FRMD3	0.905138945768092
ANKRD18A	0.809185336705294
_ENSG00000184906	0.0777379327377044
GCNT1	0.155653927342592
PTAR1	0.854247520813126
TLE1	0.179800884200691
CBWD3	0.0720010097125024
VPS13A	0.458172746161522
ZNF658B	0.46831336296806
SMC5	0.0613446134614916
RORB	0.0837941605413707
CARNMT1-AS1	0.773159358509134
C9orf57	0.942864538802018
MAMDC2-AS1_ENSG00000204706	0.53045540003789
CBWD4P	0.741259798534884
_ENSG00000204790	0.919573876223222
FAM201A	0.941897840424846
CBWD6	0.962833810509571
FRG1JP	0.202094984511021
_ENSG00000223379	0.396165523669451
RORB-AS1	0.74682095335244
PCA3	0.941897840424846
TMEM252-DT	0.740098411144003
FGF7P6	0.420476600898124
CYP1D1P	0.000234627417574046
_ENSG00000228430	0.648192381633352
_ENSG00000228467	0.942864538802018
_ENSG00000228522	0.738937606760991
_ENSG00000229312	0.809185336705294
FAM242E	0.427691352067254
GNA14-AS1	0.0575246434496509
_ENSG00000233178	0.346373468977633
_ENSG00000233926	0.125219465219647
LERFS	0.783525835682197
VN2R3P	0.625136362550862
ANKRD20A7P	0.203604701578834
LINC01410	0.268820788319823
_ENSG00000240240	0.772741031254055
ANKRD20A1	0.0925216446594283
_ENSG00000267559	0.0423928472607116
SMC5-AS1	0.453320440330368
CNTNAP3P1	0.858216913102132
FAM27E3	0.459740801947423
ZNF658	0.957060680516008
_ENSG00000274893	0.604193458472038
GXYLT1P4	0.369189293096344
FAM242F	0.902234778098886
_ENSG00000275390	0.42515960071491
_ENSG00000275450	0.917527680662566
_ENSG00000275649	0.205890966476773
_ENSG00000276128	0.0681700706365031
ANKRD20A3	0.269120626528756
_ENSG00000276266	0.942864538802018
FRG1HP	0.127594200360643
CNTNAP3P2	0.526117010119212
_ENSG00000276462	0.29280227211569
BMS1P14	0.459484877540962
_ENSG00000276963	0.394889740760668
PGM5P2	0.601766511978741
CNTNAP3P5	0.368731337428235
_ENSG00000279561	0.0784263656053855
ERP44	0.867098513708981
MUSK	0.607825740129801
FAM120A	0.384717103006554
MSANTD3	0.316979681126632
ELP1	0.332043461572349
PTPN3	0.623690306494899
SLC44A1	0.10271842778907
CDC14B	0.244162410156243
ZNF510	0.37744958395097
TUT7	0.568780018661823
SPTLC1	0.24046671715818
EPB41L4B	0.520295321119437
TMEM38B	0.174704123055608
NANS	0.311450620197603
TBC1D2	0.230141478437934
FKTN	0.19610807026897
FSD1L	0.00353897044411983
SPIN1	0.957679329266246
TMEM245	0.628976953929597
TRIM14	0.0734540692061378
CORO2A	0.207048472778234
TGFBR1	0.597097869798656
SEC61B	0.903763726914805
OGN	0.942864538802018
ASPN	0.942864538802018
ECM2	0.989638807219458
RAD23B	0.221777059776141
CTNNAL1	0.0762832423429466
ABITRAM	0.755836229770256
NR4A3	0.436332726826676
INVS	0.343822120756298
GALNT12	0.902234778098886
ALG2	0.407386398499362
CKS2	0.15805559191818
IPPK	0.998033465762722
ZNF484	0.884087609551492
OMD	0.741259807729393
FGD3	0.858200359979332
NXNL2	0.395208453357103
GADD45G	0.119105373226244
HSD17B3	0.201558916002835
HABP4	0.197360699693602
FBP2	0.627346182836156
SLC35D2	0.852081522319707
NINJ1	0.222329276004172
UBQLN1	0.877388612842143
NAA35	0.0377621862739893
CTSL	0.0844214556336429
AGTPBP1	0.810954810846394
GOLM1	0.504351471862251
ISCA1	0.0199025508349431
NIPSNAP3A	0.182317042236093
TXN	0.00448873579991016
SMC2	0.79484636260968
TMOD1	0.0129904532169892
ZNF189	0.65798167790841
STX17	0.182224014679713
BAAT_ENSG00000136881	0.918209685830619
TEX10	0.340332041949254
MRPL50	0.804195047642885
TSTD2	0.713241011077599
GABBR2	0.835330122371722
TRMO	0.385907090837191
XPA	0.134660160005122
NCBP1	0.695361613491601
ANP32B	0.792524547473496
NTRK2	0.00464387583803054
IDNK	0.129816720272347
SHC3	0.295922209923442
AUH	0.420030841191264
MFSD14B	0.233143489555905
AOPEP	0.066130594450787
PLPPR1_ENSG00000148123	0.150044696714321
ZNF462	0.564837146154952
RNF20	0.0467714069572538
CDK20	0.145149920796548
PALM2AKAP2	0.795257563972108
PTPDC1	0.145223508321672
PRXL2C	0.272013084914552
FANCC	0.970550696687799
ANKRD18CP	0.190942490527606
DIRAS2	0.342302389618495
SYK	0.721720606535208
NIPSNAP3B	0.856249512190917
ABCA1	0.500261872953042
NFIL3	0.0874500885262766
GKAP1	0.630278738082705
KIF27	0.695787252730181
C9orf64	0.152305533677017
HNRNPK	0.348802091455016
_ENSG00000165121	0.835044670342463
SVEP1	0.417748582235124
ANKS6	0.325882865054068
FBP1	0.516464918302132
PGAP4	0.789303523215983
CARD19	0.297902447718255
WNK2	0.804888872846288
ZNF367	0.19240049573215
ROR2	0.161626326446273
_ENSG00000169253	0.147738583592902
CAVIN4	0.11957695163768
LINC00476	0.262236115084587
ZNF169	0.50407385037677
RMI1	0.0808094301558138
GAS1	0.62328466741881
ERCC6L2	0.640692907783609
PTCH1	0.720380359705041
BICD2	0.611022827171071
SECISBP2	0.642186761759941
C9orf153	0.625737949320421
SEMA4D	0.00702023935325135
ANKRD19P	0.728713384340281
CENPP	0.848015349122468
FAM120AOS	0.61762606007536
C9orf152	0.130720245790407
TDRD7	0.0536948889117938
IARS1	0.76131221564618
MFSD14C	0.363111011393565
ZNF782	0.120981598807739
DAPK1	0.938615654299196
PHF2	0.43425922731186
NOL8	0.506131573971008
LPAR1	0.184298676983175
GRIN3A	0.0717302828069297
_ENSG00000203279	0.672094884096703
COL15A1	0.29280227211569
C9orf129	0.600596522810849
_ENSG00000224764	0.117847832809371
_ENSG00000224848	0.10586155193107
TMEM246-AS1	0.13054157320058
GAS1RR	0.636857500344022
EEF1DP2	0.343864483680109
_ENSG00000228142	0.82407082371284
LINC01501	
_ENSG00000229694	0.62443404830482
SEPTIN7P7	0.00955045279335045
_ENSG00000230303	0.487327661942389
_ENSG00000230782	0.353112154105545
LINC01508	0.489089491859393
_ENSG00000231616	0.88659630496676
PA2G4P6	0.0231559641075731
_ENSG00000232063	0.393188147716319
_ENSG00000233820	
LINC01505_ENSG00000234229	0.942864538802018
LINC01505_ENSG00000234323	0.497450288573977
_ENSG00000234424	0.504041301712958
_ENSG00000237422	0.385150401547604
_ENSG00000237461	0.0461739184287192
MSANTD3-TMEFF1	0.636553673357614
STRA6LP	0.894101659357424
STX17-AS1	0.62443404830482
FRRS1L	0.794127906064289
RABGAP1	0.939483626220732
TNC	0.451116200492756
HSPA5	0.00147753601458455
LAMC3	0.816574642283744
TRAF1	0.100200769751911
RC3H2	0.549703214070039
BRINP1	0.706020696229824
PSMD5	0.150257793674826
NUP188	0.853474009978582
CRAT	0.358401830870368
SH2D3C	0.0825250149510469
WHRN	0.370391489429283
ABL1	0.0142678886256259
LHX2	0.152941990866359
MEGF9	0.0964132603641619
C5	0.426448729556283
LHX6	0.344937388829715
PTGR1	0.566723323587987
SUSD1	0.502843849660963
AKNA	0.157470877984313
DNM1	0.252607668444383
ENG	0.441248082043791
AK1	0.752709082729691
TBC1D13	0.371291266040079
NCS1	0.957938664832151
FUBP3	0.222940359559381
RAPGEF1	0.183319312249449
SETX	0.92950260424235
PTBP3	0.815936792336258
FKBP15	0.276607243127801
WDR34	0.516507063859119
SET	0.303793842077063
PTPA	0.0285392910684067
GLE1	0.945350032258072
RAB14	0.352943215390053
CNTRL	0.887734108306887
TRIM32	0.129147057143758
FBXW2	0.03116570576965
PHF19	0.507097872323582
NEK6	0.268323293379839
BSPRY	0.740679035564108
PPP6C	0.470805491437556
NDUFA8	0.850424839439653
HDHD3	0.660522827439115
RBM18	0.0599576805412677
HSDL2	0.319725882903887
MAPKAP1	0.787746077019346
DENND1A	0.0760561922666488
TTF1	0.775083015926452
GTF3C4	0.00359859304960504
DDX31	0.431968049312182
AIF1L	0.152025142246816
FAM78A	0.179303947260563
NUP214	0.693068751834039
ASS1	0.514614228485052
PRDM12	0.269493119016605
EXOSC2	0.64796633895785
POMT1	0.119321495944323
UCK1	0.0466811983953222
PRRC2B	0.726709584396398
LRRC8A	0.0371574852941476
CDK9	0.271828060403015
ODF2	0.61485070856004
ECPAS	0.122769049507121
TOR1B	0.816171041542795
C9orf78	0.920424531384094
TOR1A	0.0215784911546205
RALGPS1	0.00241997607835551
NIBAN2	0.0760898065180363
ST6GALNAC4	0.560850586224351
DAB2IP	0.0262990678999878
STXBP1	0.26007666566531
SLC2A8	0.637862046361664
ANGPTL2	0.626126534592971
CDK5RAP2	0.530900483328059
ZFP37	0.425317569733899
SLC31A2	0.0718509697240798
SLC31A1	0.319749367479443
TLR4	0.0694252903973725
PRPF4	0.457764647291892
FPGS	0.759749149498233
USP20	0.111296447185779
KIF12	0.29280227211569
ATP6V1G1	0.946171893356407
GARNL3	0.501032141177986
DPM2	0.121653196759722
PSMB7	0.228706472842875
RABEPK	0.69014641513628
GOLGA1	0.363080450866679
PDCL	0.767184744954389
RPL35	0.101967725625483
LMX1B	0.898344988869581
ARPC5L	0.0104587189298003
RGS3	0.874135053966643
INIP	0.83069405219777
UGCG	0.142848820035861
SNX30	0.276623732891008
STOM	0.746980433827316
GSN	0.608013803589722
MRRF	0.500452173382064
NR6A1	0.228328578667401
CRB2	0.209395557428541
ALAD	0.940514636669242
ASTN2	0.0771471348759308
WDR31	0.497704558124128
POLE3	0.0849518349962014
GBGT1	0.990689755039544
SURF6_ENSG00000148296	0.415797367268403
MED22_ENSG00000148297	0.922954572277232
RPL7A_ENSG00000148303	0.00666714902562867
GTF3C5	0.0967059036022624
ASB6	0.907316611346175
PTGES2	0.0792633150963497
NTMT1	0.0575540682926586
CIZ1	0.0864686215233753
SLC25A25	0.899645154349255
SH3GLB2	0.601113307288264
MIGA2	0.214539813688218
PTGES	
LRSAM1	0.770456864280527
HMCN2	0.228972909979009
GPR107	0.17499520401649
ZNF618	0.467046798348278
TMEM268	0.713433407149427
RALGDS	0.510023443835222
TOR2A	0.853192507790371
ST6GALNAC6	0.62125818785959
ZER1	0.205602488982878
ZDHHC12	0.517391555240715
PLPP7	0.253426922187166
MED27	0.47951716337346
SHOC1	0.0891758674323459
KIAA1958	0.449630341386838
STRBP	0.575862877719299
GAPVD1	0.196559294178638
AK8	0.169466722564381
SPACA9	0.26821305235743
TSC1	0.295392039266863
GFI1B	0.504041301712958
PBX3	0.46572670113055
PIP5KL1	0.29280227211569
FAM102A	0.0439146311350663
GOLGA2	0.727794923699448
TRUB2	0.338575612679853
COQ4	0.793410829446211
SLC27A4	0.888187931139669
URM1	0.515607000803882
CERCAM	0.428487412444628
DOLPP1	0.953329975365819
ENDOG	0.228439618108919
PRRX2	0.395846344840669
ZBTB43	0.539569922034314
CEL	0.422636624103136
KYAT1	0.788987174143559
C9orf16	6.21527239747841e-08
NAIF1	0.203388526488728
ZBTB26	0.0310776634739048
DEC1	0.203388526488728
ZNF483	0.847957307766115
SCAI	0.13267516386262
ABO_ENSG00000175164	
DOLK	0.805603999206943
PHYHD1	0.500621702896699
TTLL11	0.0604525687275361
SWI5	0.653195485693532
CDC26	0.937077791513935
ZBTB34	0.538054340576368
PAPPA	0.325224450257506
OLFML2A	0.129364242736457
MORN5	0.917527680662566
ZBTB6	0.82791601169283
PTRH1	0.890641532834935
FNBP1	0.448369306341508
IER5L	0.123585868980132
CFAP77	0.469160833200738
ZNF79	0.425475590123141
NTNG2	0.0830901671157667
COL27A1	0.191832584502331
MVB12B	0.731443850613159
SPTAN1	0.249221854619057
RPL12	0.836485933573122
SPOUT1	0.175704364259832
LINC00963	0.152371653706516
_ENSG00000204055	0.636924057131492
GGTA1P	0.931682681705358
LRRC37A5P	0.0444160036654828
_ENSG00000207955	0.392875166087492
MIR181A2HG	0.107705159418186
_ENSG00000225032	0.118567838183648
CUTALP	0.0524596956388818
TLK1P1	0.428008437086373
_ENSG00000227355	0.811609762156737
_ENSG00000227531	0.872888837020757
_ENSG00000228395	0.475625836792221
ZNF883	0.437738290907876
ASTN2-AS1	0.626126527512332
C9orf147	0.211598600360141
TEX48	0.179303947260563
_ENSG00000230676	0.941897840424846
_ENSG00000230826	0.918209685830619
_ENSG00000232413	0.62443404830482
LINC01503	0.991005342959485
_ENSG00000234156	0.393188147716319
SLC25A25-AS1	0.0327282513149325
TPT1P9	0.0681700706365031
_ENSG00000236668	0.0219936766922978
_ENSG00000236986	0.386596050706131
_ENSG00000239705	0.918891751183636
_ENSG00000244757	0.562049937708088
_ENSG00000246851	0.676392942583107
_ENSG00000257524	0.740679035564108
_ENSG00000259953	0.941897840424846
_ENSG00000260970	
_ENSG00000261534	0.218542925246428
ZNF195	0.232848761186876
OSBPL5	0.509219127753426
RNH1_ENSG00000023191	0.0865671761746148
KCNQ1	0.6229859019181
PHRF1_ENSG00000070047	0.143810010486343
TOLLIP	0.156067398676683
RASSF7_ENSG00000099849	0.462579455579567
KCNT1	0.334531682463325
EDF1	0.0248951217336965
NPDC1	0.55935315232653
PTGDS	2.34052964416803e-11
ABCA2	0.0578937861731976
CARS1_ENSG00000110619	0.255561099783853
SLC22A18_ENSG00000110628	0.869460645645425
CD81	0.049866780260113
NUP98	0.723664023729806
MRPS2	0.980058622499524
SARDH	0.870745933477468
CDKN1C_ENSG00000129757	0.866462987334094
OLFM1	0.0729683556719864
CAMSAP1	0.693880688223099
UBAC1	0.185938930045733
COL5A1	0.0555382761951671
PNPLA7	0.113988129611566
SIRT3	0.262601083431608
IFITM3	0.00153252701388222
SURF4_ENSG00000148248	0.629387261964532
SURF1_ENSG00000148290	0.0225569420871004
SURF2_ENSG00000148291	0.3867898102261
REXO4_ENSG00000148300	0.725367678062952
PAXX	0.00787252625195083
INPP5E	0.727113488715369
SEC16A	0.448702949413721
DPH7	0.0882170990574548
NOTCH1	0.129043372659753
CACNA1B	0.559696427510031
NACC2	0.130555869955739
PGAP2	0.284725779599074
FBXW5	0.0739445126527352
TUBBP5	0.342650322239185
VAV2	0.55439202211927
ADAMTS13_ENSG00000160323	0.970831042299298
CACFD1_ENSG00000160325	0.235641414237237
SLC2A6_ENSG00000160326	0.434672924784035
C9orf116	0.0664195808720947
GPSM1	0.716831565856353
LRRC56_ENSG00000161328	0.0780931516889751
SOHLH1	0.603507707491492
QSOX2	0.757071111202804
SNAPC4	0.862518242634679
PMPCA	0.131638653894017
ENTR1	0.539379238747939
DIPK1B	0.722257666225461
ZMYND19	0.378045660915472
NSMF	0.00660856129822498
STIM1	0.283169023753841
RRM1	0.641324265387188
TRIM68	0.636869854529875
MMP26	0.152683730515748
AGPAT2	0.731820845843581
BRD3	0.219273065251329
EGFL7	0.297840606430874
BRSK2	0.930451269163468
HRAS_ENSG00000174775	0.0132304538140741
PTDSS2	0.0628619130673915
TPRN	0.516757727137639
SSNA1	0.057303614279809
ANAPC2	0.461296515581602
GRIN1	0.588272213553433
DPP7	0.792134112681981
DEAF1	0.908262978578592
RHOG	0.765825831752558
EPS8L2	0.138827076887374
TALDO1	0.807170847336296
GATD1	0.00131633334119743
MAN1B1	0.103101043796752
SLC25A22	0.376573525619701
PIDD1	0.482590791965636
RPLP2	0.401801243292816
PNPLA2	0.0663338722958312
CD151	0.195401220809251
POLR2L	0.0101278993053908
CHID1	0.0797888678027753
BET1L	1
RIC8A	0.809431376405057
LCN15	0.0351495450235954
EHMT1	0.074415223494371
PHLDA2_ENSG00000181649	0.917527680662566
MRPL41	0.847832337485213
MOB2	0.522352458633867
B4GALNT4	0.35208375588013
AP2A2_ENSG00000183020	0.494736026458416
TSSC4	0.736527700505969
CEND1	0.0705366352499725
DUSP8_ENSG00000184545	0.00072081543212846
MUC6_ENSG00000184956	0.203235919259751
SIGIRR	0.61715582593753
IFITM2	0.65672121349979
PSMD13	0.789353757389453
SAPCD2	0.941897840424846
RXRA	0.831116397853001
EXD3	0.488850443458141
TMEM203	0.192534379271831
TUBB4B	0.00952158708695992
NDOR1	0.136550131189428
NOXA1	0.584085229836186
NELFB	0.853885480973969
WDR5	0.789049793461844
PPP1R26	0.0590397968345811
RABL6	0.949601141482739
FAM163B	
ARRDC1	0.0405469196793533
UAP1L1	0.699088617476576
ADAMTSL2	0.851337171345189
STKLD1_ENSG00000198870	0.871602981939122
ARRDC1-AS1	0.0358663290875678
NAP1L4_ENSG00000205531	0.424363357318001
RNF208	0.512028958449298
MRPL23	0.0529206940352952
TSPAN4	0.0156278404584113
LCNL1	0.384760551704808
TSSC2	0.518747641812225
PPP1R26-AS1	0.27647578454194
_ENSG00000227958	0.342650322239185
LINC01001	0.202544270817834
SNHG7	0.626465759042765
KRTAP5-AS1_ENSG00000233930	0.0422607824841435
BRD3OS	0.699825484826242
_ENSG00000238058	0.859761662511508
CD81-AS1	0.953880036744865
TMEM250	0.85884170435769
IFITM10_ENSG00000244242	0.20382104387522
_ENSG00000250397	0.942864538802018
_ENSG00000254757	0.534886262754873
_ENSG00000255158	0.539512172808399
_ENSG00000255229	0.230141481331615
_ENSG00000255284	0.927708451429576
_ENSG00000255367	0.0151210890200823
MAN1B1-DT	0.0351495450235954
KCNQ1OT1	0.55495201502916
_ENSG00000279073	0.54609679920062
ABCC8	0.515838970181351
PIK3C2A	0.490071997733251
DKK3	0.855794327660714
FAM160A2	0.0180935323054013
NUCB2	0.552109058836297
MRVI1	0.21044881227508
TSG101	0.993995425450599
SLC17A6	0.941897840424846
HTATIP2	0.870745933477468
CCDC34	0.973258519966701
CCKBR	0.328785697396683
TRIM3	0.188572349061805
RNF141	0.608510581511338
EIF4G2	0.708958724245306
GALNT18	0.121699714324683
SOX6	0.153901389080326
C11orf58	0.101197626803831
RPS13	0.337218382155964
HPS5	0.0161576595785592
GTF2H1	0.911421865871875
PTPN5	0.239876592342721
COPB1	0.395884353046497
PSMA1	0.992931606352412
BBOX1	0.659499838901793
SERGEF	0.781331524880096
KCNC1	0.675668352222108
STK33	0.0104926066175344
ARFIP2	0.343266043659496
TRIM5	0.00271573153283214
CNGA4	0.100485860865427
TRIM22	0.324242639803066
RRP8	0.244270852334488
SWAP70	0.755824487017762
ARNTL	0.809543815155236
LYVE1	0.0132289381113863
AMPD3	0.899643531004035
SBF2	0.49541166879826
MICAL2	0.0868047428845935
RRAS2	0.668120756478404
LDHA	0.0435601087136386
ANO3	0.77966334342896
BTBD10	0.157742167089918
GAS2	0.577776421667279
LIN7C	0.027804015035052
ZNF214	0.625136362550862
ZNF215	0.48864871297649
UEVLD	0.822688408593169
PTH	0.0785366601453681
PDE3B	0.618666663686406
MRPL17	0.491655957934168
NELL1	0.0986307885033928
SMPD1	0.425288550578156
APBB1	0.178859172476555
ILK	0.593704096770288
TAF10	0.766783147916379
TPP1	0.0878492829384184
DCHS1	0.408474600194775
PPFIBP2	0.529858850842311
TUB	0.604672000704469
RIC3	0.0311799306066708
LMO1	0.90056743260908
TRIM66	0.294739403601903
RPL27A	0.427749220739862
DENND2B	0.883599711917526
AKIP1	0.325263239621877
TMEM41B	0.9742897583937
ZNF143	0.516352970580219
PLEKHA7	0.200152708124576
SAAL1	0.0765267859304688
LDHC	0.368273735350703
LDHAL6A	0.0681700706365031
NAV2	0.525520267852682
USP47	0.528644141812879
SYT9	0.54586046965305
ANO5	0.245658925649235
TMEM9B	0.148967840209437
NRIP3	0.527061677025744
SCUBE2	0.93860443920696
EIF3F	0.720011088481969
CALCB	0.360944778101069
FIBIN	0.893193749622847
ZDHHC13	0.00204840928763463
MRVI1-AS1	0.267409762569782
IGSF22	0.573875416407613
SPTY2D1	0.539998552665818
DNHD1	0.773976380181697
MRGPRX4	0.625136362550862
FANCF	0.504674702391583
DENND5A	0.584320333133413
PRMT3	0.513189150175485
CYP2R1	0.774224625202837
TEAD1	0.65455720850358
LUZP2	9.3394838471556e-05
KCNJ11	0.489971691754021
NCR3LG1	0.314859817877128
HBG2	0.326067246774299
FAR1	0.201638785715251
PARVA	0.645075942612432
SVIP	0.324404684779028
CTR9	0.823195468328917
LGR4	0.661262368897414
IPO7	0.309248901865299
ZBED5	0.219199905830528
RPL23AP65	0.134478643193948
HBB	0.0921199739527901
BDNF-AS	0.944639495689635
_ENSG00000246225	0.225358261828514
SBF2-AS1	0.519362954933879
_ENSG00000246308	0.949106322620346
ZBED5-AS1	0.711029337884704
SPTY2D1OS	0.808681649377684
_ENSG00000251364	0.791061076249522
_ENSG00000253973	0.179303947260563
_ENSG00000254397	0.625136362550862
SPON1-AS1	0.62443404830482
_ENSG00000254444	0.0335651909420408
NAV2-AS3	0.269865965127032
BBOX1-AS1	0.000133183463265633
_ENSG00000254768	0.918209685830619
GVINP1	0.572828514272951
TMEM9B-AS1	0.989620363170045
LGR4-AS1	0.0778561925533489
_ENSG00000254865	0.883715091834213
_ENSG00000254927	0.29280227211569
_ENSG00000254966	0.155519930251119
SAA2-SAA4	0.448511120017446
_ENSG00000255159	0.18199135682177
CSRP3-AS1	0.608280459267516
LINC02718	0.941897840424846
_ENSG00000255476	0.468366210950018
_ENSG00000256206	0.625136362550862
_ENSG00000260196	0.202314090993529
SPON1	0.0450915585928883
_ENSG00000267940	0.572828514272951
_ENSG00000268403	0.0128379976254872
_ENSG00000270607	0.62443404830482
PAX6	0.033747363286148
PRDM11	0.879316561696023
SYT13	0.220167539227475
NR1H3	0.0872786246562962
CD44	0.011867606462911
NUP160	0.0148597465152974
RCN1	0.168150464455997
TTC17	0.558889649819375
QSER1	0.0581178233643723
SPI1	0.703055825115633
MPPED2	0.566180413972384
CD59	0.107009101369288
CD82	0.315613905620295
FOLH1	0.641865271461176
ELP4	0.220230222034449
MTCH2	0.799946041227292
FNBP4	0.0957438231643103
HIPK3	0.367674277005392
KIAA1549L	0.260859725224051
FBXO3	0.636419296464425
PDHX	0.478231108539111
SLC1A2	0.0858996993677376
COMMD9	0.953568221256642
ACCS	0.782473911044149
MDK	0.51517624013358
AMBRA1	0.0660023312465773
MADD	0.455932727867058
MAPK8IP1	0.0771638383940355
CRY2	0.300826776353794
PEX16	0.882591746132415
CAT	0.117237622600543
KBTBD4	0.977490765310475
LRP4	3.0948458964403e-06
DDB2	0.190476823914397
ACP2	0.0645200522245554
PRR5L	0.581348332086436
LMO2	0.694243122631471
PHF21A	0.268049244043209
NAT10	0.0300561887463801
PRRG4	0.504674702391583
CAPRIN1	0.00843070249896705
LRRC4C	0.0837568831144317
IMMP1L	0.882638208592129
HSD17B12	0.845199255982983
APIP	0.601264363924319
PAMR1	0.113065690980963
DGKZ	0.00021968393660863
EIF3M	0.38316687702837
PTPRJ	0.183935201636003
C11orf49	0.635153848071571
ARFGAP2	0.118797924342232
CELF1	0.0160774497312854
EXT2	0.568356697974229
ARL14EP	0.979096043079326
TSPAN18	0.425335081968782
CREB3L1	0.609190351942015
PACSIN3	0.61834131147769
SLC39A13	0.167210387237599
PSMC3	0.873519919734665
AGBL2	0.426740918130851
ABTB2	0.127658829775291
API5	0.509835701557552
ALKBH3	0.519131303407323
TRIM44	0.845504798563535
RAG1	0.0573814662367389
C11orf74	0.103499054346531
METTL15	0.114057255081746
DNAJC24	0.341141061882603
DCDC1	0.515660649453121
C1QTNF4	0.511280630647917
TRAF6	0.403232232798424
ZNF408	0.0870775653156362
CKAP5	0.592372401915861
ARHGAP1	0.0326960185796529
ATG13	0.338106279093639
CHST1	0.412173794461051
TP53I11	0.427875392183682
CSTF3	0.661066773930327
TCP11L1	0.599592322973238
BDNF	0.229791249489284
LDLRAD3	0.396032979903262
FJX1	0.620985099663555
HARBI1	0.810696872280556
SLC35C1	0.259748330684895
KCNA4	0.62443404830482
WT1-AS	0.504041301712958
CCDC73	0.942009114479247
_ENSG00000205035	0.0649047490546082
NDUFS3	0.0800881930005437
HSP90AA2P	0.000768626754354836
THEM7P	0.637665096818348
_ENSG00000228061	0.997764103058021
_ENSG00000246250	0.885155508586149
CSTF3-DT	0.15221579747732
LRP4-AS1	0.365991092951261
LINC02742	0.726977589543716
HNRNPKP3	0.314290066116606
_ENSG00000254409	0.0999054347185755
LINC02696	0.157268733916616
_ENSG00000254487	
MPPED2-AS1	0.922576066213867
LINC02755	0.144849664408153
_ENSG00000254532	0.0717783239777637
_ENSG00000254664	0.219696043786173
_ENSG00000254734	0.0351495450235954
_ENSG00000254746	0.942864538802018
_ENSG00000254907	0.855515702882921
_ENSG00000255041	0.218830796410528
_ENSG00000255132	0.505308522423654
LINC01499	0.39184151300909
_ENSG00000255197	0.941308830642037
_ENSG00000255202	0.941897840424846
LINC02745	0.902234778098886
LINC02741	0.342650322239185
_ENSG00000255442	0.62443404830482
_ENSG00000255496	0.942864538802018
_ENSG00000255520	0.605554422094901
LINC01616	0.179303947260563
_ENSG00000279675	0.39352524397628
BAD	0.0225587151904636
TMEM132A	0.00979074875763926
SYT7	0.214476237876147
CD6	0.62443404830482
POLA2	0.651354047545536
CAPN1	0.688401774426807
RASGRP2	0.63743207761534
PPP2R5B	0.945596366420998
PYGM	0.544165073926795
MARK2	0.169432665947216
GANAB	0.594515587070847
DNAJC4	0.13174921939022
LPXN	0.524910455522106
DTX4	0.736911835844022
ATG2A	0.707662184515826
EHD1	0.510784208794837
OSBP	0.1777926784847
NRXN2	0.695917228251825
CCDC86	0.504041301712958
PRPF19	0.252689356246802
TMEM109	0.502614595566318
NAA40	0.430396408225756
MYRF	0.104183736783827
AHNAK	0.000760854178883587
FRMD8	0.951954919392804
PRDX5	0.00380232705674793
_ENSG00000126500	0.0478230910143594
MACROD1	0.882178754820652
WDR74	0.806422301750135
RTN3	0.79794233389452
DPF2	0.568042575100029
MEN1	0.118544610402793
DAGLA	0.58149910241981
TIMM10	0.00087579611834056
FADS2	0.527993742362703
TMEM258	0.516948257024484
CDCA5	0.269493119016605
SCGB1A1	0.918209685830619
TNKS1BP1	0.628578813399217
GLYAT	0.344937388829715
SERPING1	0.812364225007414
SSRP1	0.280816126165856
SLC43A1	0.392177909068904
SLC22A8	0.625839017290262
TKFC	0.495254085569518
MTA2	0.920612366539796
TMEM138	0.648814916353611
FADS1	0.084565931623928
EML3	0.365305340300287
INCENP	0.267879537616347
CPSF7	0.114939380222255
B3GAT3	0.567227998913379
SLC22A9	0.29280227211569
TRPT1	0.511953776426229
NUDT22	0.832048279945171
FERMT3	0.487327661942389
PLCB3	0.826998993811145
MRPL49	0.268585263028295
CDC42EP2	0.39116924632321
FAU	5.63498372271468e-07
TM7SF2	0.97412536655491
VPS51	0.925051249744872
UBE2L6	0.51554303394927
ZDHHC5	0.0516262887231495
MED19	0.0547630075497106
GLYATL2	0.808178041316175
CYB561A3	0.14048309011191
PPP1R32	0.27217892653496
ASRGL1	0.00763619092752129
GNG3	2.38868416499153e-07
UBXN1	0.36048997005125
TTC9C	0.184790064716625
TAF6L	0.955491545159646
NXF1	0.442512530970036
STX5	0.186522045411693
SLC25A45	0.573875416407613
SYVN1	0.403270373772696
ZFPL1	0.789552440392501
RPS6KA4	0.957378922586121
YPEL4	0.307327488163195
FAM111A	0.761114755446785
GLYATL1	0.344937388829715
PATL1	0.641199366332032
STX3	0.944148842537018
MRPL16	0.641985477211555
MS4A5	0.00790419953580509
OTUB1	0.137013619776285
RCOR2	0.625839017290262
DDB1	0.431255051212821
VPS37C	0.512658255880809
VWCE	0.884324552516588
BEST1	0.336858130684567
FTH1	0.51464691519167
POLR2G	0.144916324547036
SLC3A2	0.436817750855404
PLAAT5	0.136574094727748
SPINDOC	0.955255285736368
NAALADL1	0.487767797905241
SAC3D1	0.649472733550191
BATF2	0.394537582414807
SF1	0.121635528318754
MAP4K2	0.29627693119322
MAJIN	0.856415919825091
CCDC88B	0.0735428223120107
STIP1	0.00715712479700352
CHRM1	0.204285707204835
TMEM223	0.212337037716426
CLP1	0.622473732127714
TRMT112	0.0164962547928254
ESRRA	0.643656168109933
GPR137	0.0174209400148371
PPP1R14B	0.512949279548911
FKBP2	0.00931722334125482
VEGFB	0.595704077495952
ZNHIT2	0.489089491859393
PLAAT3	0.559921551333582
LINC00301	0.916845736177739
LRRC55	0.739517934774556
ATL3	0.512646335084153
SLC22A10	0.655698854112987
INTS5	0.949106322620346
TMEM179B	0.338219399324653
_ENSG00000185670	0.306875093497624
OR9Q1	0.918891751183636
RTN4RL2	0.64668778038171
TMEM216	0.647037543866819
C11orf95	0.646194852785615
SLC22A25	0.29280227211569
SLC22A24	0.62443404830482
SLC22A20P	0.940021676991455
SLC22A6	0.345182233444962
CTNND1	0.0863993504008091
UQCC3	0.414871419114112
MS4A13	0.344578962984235
CSKMT	0.767276571580215
MS4A4E	0.368273735350703
_ENSG00000214788	0.942864538802018
FADS3	0.785370755492644
FABP5P7	0.393188147716319
NRXN2-AS1	0.808681649377684
RPS4XP13	0.574399207174012
RPLP0P2	0.62897396531964
NEAT1	0.013777966670974
_ENSG00000254404	0.941897840424846
_ENSG00000255139	0.368273735350703
_ENSG00000255240	0.342650322239185
_ENSG00000255432	0.31760878928196
SNHG1	0.064651870733256
_ENSG00000256100	0.916845736177739
_ENSG00000256116	0.025171669370835
_ENSG00000256196	0.136574094727748
_ENSG00000256591	0.31824155100803
_ENSG00000256690	0.848501568932294
_ENSG00000256789	0.942864538802018
FLRT1	0.911547292051569
_ENSG00000257002	0.625136362550862
_ENSG00000267811	0.269493119016605
_ENSG00000269038	0.318553985029774
ARL2-SNX15	
PLEKHB1	0.216781847151076
RSF1	0.487259132622223
FAM168A	0.116669625326081
RELT	0.00340046593995321
DGAT2	0.490854747063
GAL	0.625136362550862
CLNS1A	0.170418589192407
POLD3	0.589126335369652
ACER3	0.508095295669453
GSTP1	0.0135737185264694
CTTN	0.867472359219925
SF3B2	0.133004822610495
AAMDC	0.260631631028608
KMT5B	0.00754250423270669
PPP6R3	0.344447606202462
CPT1A	0.643906218705157
CCND1	0.919573876223222
ANAPC15	0.0937871296953932
ARHGEF17	0.341677785432004
PITPNM1	0.104401916135177
AIP	0.102075801285826
NDUFS8	0.478186835119912
CHKA	0.767866597646557
SPCS2	0.871872345595746
ANO1	0.0351495450235954
PPFIA1	0.178224030371329
IGHMBP2	0.644796917348025
FCHSD2	0.751525002030607
ARRB1	0.736902307666156
SLCO2B1	0.489064720460785
THAP12	0.118716840909502
NUMA1	0.0101266589557742
RNF121	0.661838319233531
SCYL1	0.692582138025537
KLHL35	0.57208995440667
SERPINH1	0.0778664609492898
CAPN5	0.976030633823761
INTS4	0.199126083903656
PAK1	0.0106737884552303
RPS3	0.627634293872741
LAMTOR1	0.011406805665936
P4HA3	0.429131512035999
LTO1	0.882295985477373
FAM86C1	0.886115997615463
GDPD5	0.478562201269622
EMSY	0.495720962996591
SHANK2	0.0411033888859196
CLPB	0.426872534925019
NEU3	0.871388786579062
LRP5	0.416168998642222
TPCN2	0.506466971891786
PGM2L1	0.140786616957773
INPPL1	0.378543022545561
XRRA1	0.00703932350331378
RNF169	0.136208258324818
NDUFV1	0.270134312191357
CDK2AP2	0.341164469346389
ATG16L2	0.766745828675748
C2CD3	0.0156637552852815
FADD	0.424843748412504
LTBP3	0.911149313729463
C11orf24	0.0328458993820057
MAP6	0.282087265518892
P2RY6	0.942864538802018
FIBP	0.283868359810773
CARNS1	0.521656755722773
PPP1CA	0.618709544985428
RAD9A	0.833453609866014
EFEMP2	0.833448461653086
TMEM134	0.639603809744439
CORO1B	0.645129107518431
MUS81	0.0542153192797757
CFL1	8.43856549062804e-07
SNX32	0.0289768292839774
SSH3	0.971157289925957
NADSYN1	0.695343493513699
DHCR7	0.458749651222104
RNASEH2C	0.0887012307943826
ANKRD13D	0.0068546938371511
KAT5	0.314148323313156
GRK2	0.702281171927471
RELA	0.616962990161488
KDM2A	0.0610215118117324
RHOD	0.179303947260563
SYT12	0.0539406009455288
MAP3K11	0.90152319892658
ZNRD2	0.0922202600709313
PC	0.012212183430842
LRFN4	0.765996794463146
RCE1	0.247728656314637
C11orf80	0.875040338121889
_ENSG00000173727	0.556318206116081
SPTBN2	0.314141873615698
RBM4B	0.371264940034408
RBM4	0.978490927731777
CCS	0.0132218659757563
CTSF	0.447687699688791
ZDHHC24	0.615975209420069
PELI3	0.649554972649092
MRPL11	0.648179676029691
NPAS4	8.98913104451425e-05
SLC29A2	0.0871793715590281
B4GAT1	0.532667758249596
BRMS1	0.272977962591032
RIN1	0.1557880120397
YIF1A	0.810844877169319
CNIH2	0.404230097973925
RAB1B	0.42926014401428
KLC2	0.125807865878604
PACS1	0.665844574124305
GAL3ST3	0.898900525755339
BANF1	0.724987272668993
EIF1AD	0.833499203238841
SART1	0.620753816814417
POLD4	0.571676367409777
DRAP1	0.00965016117730207
C11orf68	0.860192208235006
PAAF1	0.849299210864196
MRPL48	0.75470580138374
RAB6A	0.162893345512523
CCDC85B	0.0183264434817997
RPS6KB2	0.00738011389046185
FAM89B	0.768695040746286
AQP11	0.652547773204884
GDPD4	0.625720212127162
GVQW3	0.113498553778386
TMEM151A	0.869066129763549
COA4	0.998543456416696
LRTOMT	0.957043307663092
ARAP1	0.0501548711275138
PDE2A	0.297118795531887
MRPL21	0.153587471636457
UVRAG	0.032033597293633
KRTAP5-10	0.636481492398396
_ENSG00000204971	0.219696043786173
HNRNPA1P40	0.942864538802018
SIPA1	0.415923703566558
PPME1	0.0983784394699931
_ENSG00000214530	0.562650075389507
SHANK2-AS1	0.342650322239185
_ENSG00000227615	0.383968634814423
_ENSG00000241170	0.597142240532523
_ENSG00000246889	0.87541428603225
RBM14-RBM4	0.368308632986911
_ENSG00000248671	0.849895513660177
MALAT1	8.19827462205418e-27
LINC02754	0.424369665128759
_ENSG00000254459	0.351683804058347
_ENSG00000254469	0.746080164591541
AP5B1	0.867747465461001
_ENSG00000254604	0.0608226985549424
_ENSG00000254610	0.29280227211569
_ENSG00000254631	0.626532970601081
_ENSG00000254682	0.325224450257506
_ENSG00000254972	0.136574094727748
DPP3	0.461633393309193
_ENSG00000254988	0.737777397021141
_ENSG00000255135	0.382988137304678
_ENSG00000255136	0.00211321474646765
_ENSG00000255191	
ENPP7P8	0.175823280983314
_ENSG00000255326	0.918209685830619
_ENSG00000255468	0.691301340460783
_ENSG00000255557	0.918372764813651
_ENSG00000255672	0.872888837020757
RPS6KB2-AS1	0.0423267713008955
_ENSG00000256514	0.738937606760991
_ENSG00000261070	0.269120626528756
TPBGL	0.342650322239185
ENPP7P7	0.15221579747732
_ENSG00000279117	0.976594992772489
MRE11	0.0938357182681004
BIRC3	0.941897840424846
GAB2	0.27596694227291
MED17	0.622898898250731
PICALM	0.533075270053545
EED	0.702932655267996
ACAT1	0.941125942429841
FAM76B	0.620864439348779
TYR	0.29280227211569
NAALAD2	0.427373544210292
NOX4	0.57335185203678
MTMR2	0.982734361006777
CTSC	0.0427380094949419
CHORDC1	0.907553534799905
PANX1	0.839387206653837
CEP126	0.274601853703013
BIRC2	0.925790153513704
SLC35F2	0.226183412766098
ELMOD1	0.657059260204319
EXPH5	0.119431274081518
USP35	0.0346871030081299
RAB38	0.505308522423654
GPR83	0.942864538802018
PIWIL4	0.480703944165982
ANKRD42	0.756108265109949
CCDC90B	0.525045726421257
SYTL2	0.0811356244251681
RAB30	0.407611194425326
CREBZF	0.221195733444496
PRCP	0.957283396008364
NARS2	0.0603888765915347
TRPC6	0.808178041316175
MMP20	0.882755027222284
CFAP300	0.182643159667939
DCUN1D5	0.611083126571395
YAP1	0.319520792121702
ALKBH8	0.808182091136935
HIKESHI	0.541701578498228
CCDC81	0.625720212127162
SESN3	0.0840309683797581
ENDOD1	0.494166233340115
CCDC82	0.249630526586234
TENM4	0.168438550224667
NPAT	0.376930608719597
ATM	0.309444436395869
AASDHPPT	0.00366882756452073
CNTN5	0.0199013380263307
CWC15	0.00506961476277463
DLG2	0.730738073074602
CCDC83	0.62443404830482
PRSS23	0.102654633306746
ME3	0.856329096259107
GUCY1A2	0.196229094427202
CWF19L2	0.798207153843394
TMEM123	0.63977466803862
GRIA4	0.157751989133555
ALG8	0.0665391914813258
FAT3	0.186652962238452
DEUP1	0.0112685366163008
PCF11	0.175784060560116
ARHGAP42	0.357305388607757
SMCO4	0.738937606760991
CEP295	0.435148666729239
TAF1D	0.178821535742131
AMOTL1	0.975482311498431
CEP57	0.898392504857289
CUL5	0.648726160556172
C11orf65	0.939589589321681
TMEM135	0.284277476752502
ANKRD49	0.722230885233162
GRM5	0.307145795840287
SLN	0.342650322239185
MSANTD4	0.346555106520975
PDGFD	0.491144257521859
TMEM126A	0.413815564176496
TMEM126B	0.00396066267428464
FZD4	0.0230177096900812
DDX10	0.155880924259714
POGLUT3	0.46549459318642
RAB39A	0.972490515425756
SLC36A4	0.442295669867242
HEPHL1	0.0351495450235954
FAM181B	0.425646942201438
KBTBD3	0.439809586087267
C11orf54	0.737682142210688
JRKL	0.818675533628344
MAML2	0.13399368222174
C11orf87	0.840882398188926
KDM4D	0.900011747894475
ANGPTL5	0.900011747894475
DYNC2H1	0.357610021680612
KCTD21	0.478294850444519
VSTM5	0.856866098435128
RPS28P7	0.175924124331707
SRP14P2	0.884195188280769
_ENSG00000240652	0.106460099250593
_ENSG00000245552	0.425172501723657
MIR4300HG	5.75354640635e-09
RAB30-DT	0.542436848079863
KCTD21-AS1	0.645403745351228
FZD4-DT	0.648925939961982
_ENSG00000247137	0.63796418320953
_ENSG00000250390	0.886115997615463
_ENSG00000254420	0.25995304700622
_ENSG00000254434	0.342650322239185
_ENSG00000254587	0.635317005591422
_ENSG00000254705	0.572828514272951
_ENSG00000254730	0.857316323613506
_ENSG00000254731	0.461633393309193
_ENSG00000254733	0.93832009893581
_ENSG00000254787	0.749991786477364
_ENSG00000254987	0.077974598829448
_ENSG00000255028	0.324176083040078
GRM5-AS1	0.941897840424846
_ENSG00000255084	0.0553183157887846
LINC02720	0.739517934774556
_ENSG00000255209	0.269493119016605
_ENSG00000255234	0.93371823913298
_ENSG00000255250	0.422415727376109
DLG2-AS2	0.286415185758549
_ENSG00000255429	0.136574094727748
_ENSG00000255467	0.916845736177739
_ENSG00000255471	0.85377706402408
_ENSG00000255503	0.633765758880087
_ENSG00000255506	0.807171063792446
_ENSG00000255555	0.0681700706365031
_ENSG00000255929	0.954705169924231
LINC02552	0.12950918539935
_ENSG00000256745	0.728014519827397
C11orf97	0.941897840424846
_ENSG00000260966	0.1682273062487
_ENSG00000261098	0.393188147716319
DISC1FP1	0.479364743375495
SRSF8	0.118294279119699
_ENSG00000278989	0.636553673357614
_ENSG00000279696	0.0335651909420408
_ENSG00000280385	0.342650322239185
PHLDB1	0.421044995421929
GRAMD1B	0.831999650208025
USP2	0.382927031170334
USP28	0.512342653756385
SPA17	0.691301340460783
CDON	0.13602709500916
REXO2	0.960742011652214
MCAM	0.626126534592971
ZW10	0.411626152373711
ALG9	0.89451209969879
ARCN1	0.724617730976298
DDX25	0.331753488069813
CRYAB	0.990418773266859
ZBTB16	0.39781197560132
ZPR1	0.206386463661757
TECTA	0.187719958790478
SC5D	0.441174852488727
JHY	0.105669686199767
HSPA8	0.00339843637989922
VWA5A	0.166887789537346
SIAE	0.327298308787368
PUS3	0.607371172647286
DCPS	0.166614331953295
FOXRED1	0.18006741218431
ST3GAL4	0.0364354621246313
CEP164	0.185810163486794
IL10RA	0.202094984511021
UBE4A	0.0292357914567867
DDX6	0.524554089455195
UPK2	0.449702188840699
CBL	0.797270030771118
NECTIN1	0.925845868006202
POU2AF1	0.487327661942389
KMT2A	0.624355366733089
IFT46	0.255324188786069
APOA1	0.505308522423654
RPS25_ENSG00000118181	0.000247555834441059
MSANTD2	0.349190979254658
STT3A	0.51973699999403
ACRV1	0.179303947260563
SORL1	0.933926119455809
BUD13	0.324294384342539
SLC37A4_ENSG00000137700	0.859997398260523
POU2F3	0.091619856715537
RDX	0.977255874311997
PPP2R1B	0.910816054551992
FDX1	0.305987190113444
C11orf1	0.369223152394421
ARHGAP20	0.515608360250237
ZC3H12C	0.00237287396463262
TTC12	0.102031426389182
NCAM1	0.327143191988394
DRD2	0.942864538802018
HTR3B	0.941897840424846
GRIK4	0.17166733615867
HYOU1_ENSG00000149428	0.484381385397323
EI24	0.0472864807749793
CCDC15	0.964335078912858
CHEK1	0.740679035564108
FEZ1	0.0190836149284422
ESAM	0.62443404830482
KIRREL3	0.135985290879068
SCN2B	0.829455032584365
SIDT2	0.0696482166793253
TMEM25	0.781255092829838
TAGLN	0.533714011070248
TMEM218	0.0429358765375087
TIRAP	0.0116267499706944
DIXDC1	0.167434022279773
DLAT	0.461909459103764
NKAPD1	0.532490073159651
TIMM8B	0.0268821325941438
IL18	0.00814536312412886
PTS	0.179173584365918
THY1	0.169172448814661
TBCEL	0.894742957258163
UBASH3B	0.194029716151326
ROBO3	0.676993585573771
TBRG1	0.0501544094259341
NRGN	0.0724702787288305
SIK3	0.170793664645319
MPZL3	0.219696043786173
PCSK7	0.510322865268165
VPS11_ENSG00000160695	0.245766191262294
NLRX1	0.518112383945791
HEPACAM	0.14225864475528
PKNOX2	0.343227608987806
RPUSD4	0.847059273833328
CLMP	0.941157843522992
SCN3B	0.947941806802478
ZNF202	0.422623117155989
TMPRSS5	0.702221407274284
NNMT	0.900011747894475
RNF214	0.0378522680959585
ATP5MG	0.34142809288481
PAFAH1B2	0.466028139728547
SIK2	0.357024182547607
DPAGT1	0.540485158688179
HINFP	0.724499526373959
ABCG4	0.144215001727512
C2CD2L	0.901454420219055
RNF26	0.166645455108133
RPL37AP8	0.0214305024683779
SCN4B	0.857316323613506
DSCAML1	0.0264961382947152
C11orf71	0.359920655425625
TLCD5	0.237213576056257
SRPRA	0.0760307279152138
CADM1	0.0122333689344373
OAF	0.466701465069101
CCDC84_ENSG00000186166	0.791580090744805
BCL9L	0.644783191784698
BACE1	0.507189183885962
H2AX	0.372135826117796
PLET1	0.20231410288409
TRAPPC4_ENSG00000196655	0.151670391974662
ARHGEF12	0.95609688987749
BCO2	0.650274495423506
FAM118B	0.285965002422357
HYLS1	0.869889036776706
LAYN	0.941897840424846
COLCA2	0.593070374896004
HEPN1	0.216648583932625
APOA1-AS	0.00984093703039682
USP2-AS1	0.511844670321626
_ENSG00000245498	0.59972441184015
LINC02762	0.948578213066296
_ENSG00000250493	0.330419427732424
_ENSG00000250699	0.433084086444275
_ENSG00000254428	0.504674702391583
_ENSG00000254528	0.901123166061073
_ENSG00000254561	
_ENSG00000254607	0.573875416407613
LINC02763	0.018478540590437
_ENSG00000255027	0.219118939830537
_ENSG00000255062	0.281656921312963
_ENSG00000255087	0.144215001727512
NECTIN1-AS1	
MIR100HG	0.0719292956162877
SMIM35	0.621663254658595
_ENSG00000255292	0.849463112346968
_ENSG00000255384	0.0999054347185755
_ENSG00000255422	0.0854709944811025
_ENSG00000255435	0.651167274352678
_ENSG00000255537	0.315723918437813
_ENSG00000255580	0.760589108769941
_ENSG00000255689	0.179303947260563
HMBS	0.749527104698333
_ENSG00000256452	
LINC02698	0.714983024540061
_ENSG00000256947	0.117705051129108
KIRREL3-AS1	0.898900525755339
LINC02712	0.906206199419534
_ENSG00000278376	0.0322338183122489
BACE1-AS	0.807674512721039
_ENSG00000280143	0.203929274015815
ZMYND11	0.274670111470783
VIM	0.289257937115924
BARX2	0.872888837020757
WDR37	0.069541757526394
CELF2	0.0254563435500087
GDI2	0.495499889542912
MCM10	0.942864538802018
SEC61A2	0.732969430409105
PRKCQ	0.653627625514423
FAM107B	0.0653760308186005
PFKP	0.0215615742110613
IDI1	0.477385388661771
KLF6	0.49098835284825
SPAG6	0.14442631867264
ITGA8	0.0680641655261245
NEBL	0.500387064449523
MLLT10	0.842049986318377
IGSF9B	0.459740801947423
APLP2	0.0253482300195406
SEPHS1	0.0544141228237583
PRTFDC1	0.725600073664837
PHYH	0.0292648389268655
CUBN	0.289413931166896
TRDMT1	0.759895405889416
ARHGAP21	0.174861874168369
LARP4B	0.797415400880304
GTPBP4	0.796105125826122
PITRM1	0.766213005562033
TASOR2	0.798307867212723
B3GAT1	0.0572615097324231
SNX19	0.194445339033919
KIAA1217	0.541703668034743
PLXDC2	0.0516682838373608
OPTN	0.0240656423102822
ITIH5	0.872888837020757
FBH1	0.103489551297852
RBM17	0.618306931475286
IL2RA	0.625839017290262
ANKRD16	0.491874075407454
IL15RA	0.218542925246428
ARHGAP32	0.565441766583198
ADAMTS8	0.248433188820017
ETS1	0.426621415504594
STAM	0.120352634481874
DNAJC1	0.264168002306063
PROSER2	0.575403758292541
USP6NL	0.708531671482803
MSRB2	0.732920590397023
FAM171A1	0.647845883986228
MINDY3	0.473700192827584
SLC39A12	0.0413216818455948
RSU1	0.0187542596176652
ST8SIA6	0.573745722652265
ST14	0.342650322239185
PIP4K2A	0.366317933854084
DIP2C	0.0667400098869455
UPF2	0.204313086688734
CDC123	0.645119966526091
CCDC3	0.016069230826273
FRMD4A	0.0640764244930387
ACAD8	0.113217021889562
THYN1	9.08701608894442e-05
VPS26B	0.72965079117174
NCAPD3	0.725281262889652
AKR1C2	0.574399207174012
ITIH2	
KIN	0.89384014182758
FLI1	0.67373021139898
TMEM45B	0.941897840424846
SUV39H2	0.949460506024894
DCLRE1C	0.481970617029702
RPP38	0.433355350179335
NMT2	0.416740684003785
ARMC3	0.316270707490721
OTUD1	0.203388526488728
AKR1E2	0.572828514272951
NUDT5	0.589955123016679
BEND7	0.192769708318326
ATP5F1C	0.320027791772319
PRPF18	0.233052176842286
TAF3	0.260389299777539
PTER	0.571676367409777
C1QL3	0.368273735350703
CACNB2	0.226531750663714
HACD1	0.155118464321787
ARL5B	0.93919309671333
JAM3	0.722240807533324
GLB1L3	0.574923224124175
ADAMTS15	0.368731337428235
BMI1	0.697428162832917
NFRKB	0.688804739767622
PRDM10	0.706822128031002
PFKFB3	0.0627897381408971
NET1	0.280961657655668
ZBTB44-DT	0.855965787926627
C10orf67	0.942864538802018
SKIDA1	0.771227321158671
DHTKD1	0.796548855454218
NTM	0.430545415362381
CAMK1D	0.198142767291455
OPCML	0.00207998296216614
ADARB2	0.783147140327492
AKR1C1	0.117990750350513
HSPA14	0.0495849143657516
ZBTB44	0.00146434182279095
ASB13	0.39305257813845
SFMBT2	0.149442733285851
LINC02731	
MIR1915HG	0.50167735345812
MALRD1	0.501741423275229
ADARB2-AS1	0.179303947260563
_ENSG00000205740	0.421875887494205
_ENSG00000213994	0.574923224124175
LINC02649	0.206565594706627
SFTA1P	0.504674702391583
PROSER2-AS1	0.806667694730469
_ENSG00000226647	0.0728961242694841
LINC02668	
NPM1P30	0.262366115339804
LINC00710	0.203753797812064
_ENSG00000229672	
_ENSG00000229751	0.97115259009505
YWHAZP3	0.0192475731459205
_ENSG00000231039	0.0423928472607116
_ENSG00000231496	0.245383174028049
LINC02642	0.418058780440915
IDI2-AS1	0.8574819676651
LINC00702	
LINC02669	0.179303947260563
_ENSG00000234091	0.131436833667473
_ENSG00000235020	0.858263968280424
_ENSG00000235281	0.942864538802018
PITRM1-AS1	0.330109233281547
_ENSG00000237654	0.972913897459233
PRKCQ-AS1	0.846698779891483
CELF2-AS2	0.218830796410528
_ENSG00000238117	0.520709282172117
LINC00707	0.0351495450235954
_ENSG00000239665	0.0508018903671394
_ENSG00000240291	0.997470862347606
NSUN6	0.255287635270236
LINC02743	0.62443404830482
_ENSG00000255455	0.685447080787093
_ENSG00000255545	0.974823842788606
MRC1	0.126104128885271
STAM-AS1	0.269120626528756
TUBB8	0.0420633380216482
CELF2-DT	0.0681700706365031
_ENSG00000272853	0.203466850489067
_ENSG00000279090	0.29280227211569
ALOX5_ENSG00000012779	0.378119014552941
ZNF37A	0.505553176811448
APBB1IP	0.0996269413505263
BAMBI	0.967324728161854
MYO3A	0.409186628278479
WAC	0.481404908577039
CREM	0.261478380818546
RAB18	0.242059919849977
NRP1	0.0360544237660712
HSD17B7P2	0.000192074425249208
WASHC2A	0.222853908866083
RASSF4	0.119937113781167
CXCL12	0.368273735350703
MAPK8	0.111060566864565
ANKRD26	0.131497708405857
ACBD5	0.0721362267260717
MTPAP	0.0419441424392327
MAP3K8	0.127594365951333
CUL2	0.53443860038479
CCNY	0.467597862858628
MASTL	0.0757789262618711
SEPTIN7P9	0.573331558917016
EPC1	0.5459844261271
ARHGAP22	0.480136002624539
WDFY4	0.480972028692155
GAD2	0.354979924005389
ABI1	0.641963259438616
YME1L1	0.021459722777996
PDSS1	0.155930724372461
PARD3	5.11939549366758e-06
ANKRD30A	0.0681700706365031
ZEB1	0.431532836343675
MKX	0.465213235706885
MPP7	0.703427074788927
ITGB1	0.0385575944108731
ENKUR	0.963563431374616
GPR158	0.0640925156013274
ARHGAP12	0.229785352781177
MARCHF8_ENSG00000165406	0.591233285287635
DEPP1	0.00706342720002022
ZNF22	0.00105333470857983
VSTM4	0.711562564609262
RET	0.131078159999377
BMS1	0.653831558788941
JCAD	0.638651886476492
SHLD2P1	0.130720245790407
ARMC4	0.921817571170765
ZNF32	0.171091647602438
HNRNPF	0.00875665929233457
CSGALNACT2	0.427695623834447
FRMPD2	0.960275432837622
KIF5B	0.0774102927872411
WASHC2C	0.571967136703161
ZFAND4	0.696326063387308
ZNF25	0.322429899564812
FZD8	0.171873684843826
TIMM23B-AGAP6	0.893280863844027
CCNYL2	0.739517934774556
ZNF438	0.212269116232319
THNSL1	0.684351493524227
LINC00839	0.657107545100233
AGAP4	0.0767120022573602
SHLD2P3	0.0663610554973408
ZNF33A	0.9256808568068
ZNF33B	0.913655786275934
ZNF239	0.489971691754021
SVIL	0.0654304130700282
OGDHL	0.289883747602304
ZNF248	0.83888945057606
ZNF485	0.203466850489067
RASGEF1A	0.648761297015637
SGMS1	0.0155259311406637
AGAP6	0.965801856997267
TIMM23B	0.258017850035229
AGAP9	0.122365092659128
GPRIN2	0.62443404830482
SYT15	0.574399207174012
BMS1P1	0.0433655134595808
PTPN20	0.0110003698155488
_ENSG00000215146	0.0707675871954208
CCDC7	0.904312590666219
ZNF32-AS3	0.344578962984235
SVIL-AS1	0.210898484350695
_ENSG00000224761	0.330551177384438
TMEM72-AS1	0.44528622358545
DYNC1I2P1	0.916845736177739
ARL6IP1P2	0.646089454281063
ERCC6	0.801229289682786
_ENSG00000226113	0.0929247205079632
SGMS1-AS1	0.202956677729916
PARG	0.678075290274078
_ENSG00000227683	0.342650322239185
_ENSG00000229227	0.808681649377684
_ENSG00000229327	0.978154564128828
ITGB1-DT	0.64675062886244
_ENSG00000230534	0.741259807729393
AGAP10P	0.884675327256023
_ENSG00000231187	0.802989919908244
C1DP1	0.873317530190521
GPR158-AS1	0.504674702391583
EIF3LP2	0.505308522423654
RPS4XP11	0.673439102657436
ZNF37BP	0.000218431954775291
FAM21EP	0.896975331089556
_ENSG00000235939	0.489089491859393
_ENSG00000236114	0.574923224124175
ZEB1-AS1	0.444225457261319
LINC02652	0.855515702882921
FAM21FP	0.625136362550862
PARGP1	0.253665579685276
AGAP13P	0.29280227211569
ZNF487	0.933456456700694
WAC-AS1	0.364818161078219
_ENSG00000259994	0.128785731590437
AGAP7P	0.29280227211569
ANXA8L1	0.527730202282119
AGAP12P	0.1181338038289
TIMM23	0.984201493540371
GLUD1P2	0.330153901539917
ZNF488	0.738937606760991
NCOA4	0.899555340073464
GDF10	0.316037552408282
BMS1P7	0.487767797905241
_ENSG00000271335	0.438383505953885
LINC02664	0.329643221652986
_ENSG00000272983	0.461002046517062
_ENSG00000277758	0.179303947260563
PTPN20CP	0.489089491859393
LINC00836	0.730331137693546
VCL	0.119140834598455
AIFM2	0.027811392750274
CCAR1	0.226537374643071
UBE2D1	0.853820425402828
RHOBTB1	0.526456321348505
SAR1A	0.357332270312473
SIRT1	0.14406052733115
HNRNPH3	0.70697429985178
TSPAN15	0.968283644930866
MACROH2A2	0.276148610713967
DDX50	0.184110262325276
PALD1	0.810729928560936
UNC5B	0.425031126256683
CDH23	0.817884959723125
VSIR	0.945495197963722
SPOCK2	0.666095985148535
MICU1	0.66617557241088
PPP3CB	0.0756210574114246
TFAM	0.441520077743316
CCDC6	0.319673774962922
ZMIZ1	0.0512129629399523
DNAJC12	0.135210290211091
PPIF	0.0748915249050394
PBLD	0.73946744261956
TSPAN14	0.90481358478042
ANXA11	0.0550144850600682
PRXL2A	0.11747470352943
SRGN	0.420337681317831
CHST3	0.817298605507853
BICC1	0.0485543049629362
CISD1	0.067723714923545
EGR2	0.077974598829448
ECD	0.46221787718413
P4HA1	0.603906536157085
SLC25A16	0.967123118484261
ZWINT	0.942864538802018
VPS26A	0.825039470344201
SFTPD	0.859117687144212
DYDC2	0.919573876223222
TMEM254	0.0284619411844156
ANXA7	0.245773800990869
FAM149B1	0.658445336050635
ASCC1	0.306780340142226
ZNF365	0.231232884673087
ADAMTS14	0.898344988869581
RPS24	0.712834478757405
TET1	0.017341125965324
DNA2	0.515265290584138
MYPN	0.505308522423654
FAM13C	0.633356998857019
NRBF2	0.19131044510723
CDHR1	0.138322343641518
POLR3A	0.30730002540459
HERC4	0.671903541558045
LRMDA	0.0981177907873498
CAMK2G	0.0095713851952046
DNAJB12	0.921092486628926
EIF4EBP2	0.0269916846779732
NPFFR1	0.272790390120135
PCDH15	0.880284513809971
ARID5B	0.462502354190812
ANK3	0.1083630804729
IPMK	0.528890328453211
DLG5_ENSG00000151208	0.467928023678587
MCU	0.870634818647458
CFAP70	0.24810698439859
ADK	0.9754847441095
KCNMA1	0.848586056680954
SUPV3L1	0.689880473685087
HKDC1	0.00636717092060361
HK1	0.0435840999466443
TYSND1	0.140008603160633
NODAL	0.368273735350703
KAT6B_ENSG00000156650	0.779954445273749
SAMD8	0.695725017025236
ZCCHC24	0.141851111602956
PHYHIPL	0.0152394709337688
SLC16A9	0.220320004534307
REEP3	0.452494994991345
VDAC2	0.297445696077036
COMTD1	0.83165060084763
GHITM	0.172778380792643
STOX1	0.211482484092604
DDX21	0.902396502842504
SGPL1	0.442948212018112
PCBD1	0.0870775653156362
ANAPC16	0.922797257311463
NUDT13	0.647118581579259
MSS51	0.60759398119226
USP54	0.746405278622802
DDIT4	5.70163061218023e-10
DYDC1	0.505308522423654
FAM241B	0.356077191530715
JMJD1C	0.394606736588228
CHCHD1	0.207848165784467
LRRC20	0.827857362898994
SEC24C	0.558792800034106
CSTF2T	0.894922568285151
SH2D4B	0.899456112186753
ATOH7	0.29280227211569
PPA1	0.511930740370232
ADO	0.325263239621877
RTKN2	0.898900525755339
MRPS16	0.468947468611117
CTNNA3	0.101620622461758
CABCOCO1	0.820320681209512
AP3M1	0.3798261906427
PRKG1	2.12928322619151e-07
NRG3	0.000449206573588478
PLAC9	0.0100320806227929
TMEM26	0.369647602289817
FUT11	0.869732900096782
COL13A1	0.738937606760991
PSAP	0.978503135631917
SLC29A3	0.839855573956604
LRRTM3	0.410321663919054
KIFBP	0.451735806413703
RUFY2	0.593532431113626
ASAH2B	0.571262922647071
DNAJC9	0.511716986160935
ZSWIM8	0.946867077147287
PPP3CB-AS1	0.10674729247208
LINC02636	0.625136362550862
ZMIZ1-AS1	0.56160003268865
LINC02671	0.606916756961387
CEP57L1P1	0.117419895045609
NUTM2B-AS1	0.826527835018657
ZNF503-AS1	0.626939520049505
LINC00845	0.29280227211569
MRLN	0.29280227211569
LINC01515	0.36496109567998
_ENSG00000228566	0.572917554686531
_ENSG00000228748	0.179303947260563
CALM2P2	0.388877069191029
RPL26P6	0.942864538802018
TMEM254-AS1	0.979050576755784
LINC00595	0.25341355731665
_ENSG00000232682	0.942864538802018
_ENSG00000234149	0.808178041316175
_ENSG00000234173	0.247259745634029
TATDN1P1	0.395527321393476
KCNMA1-AS1	0.117847832809371
PRKG1-AS1	0.29280227211569
DNAJC9-AS1	0.687274529265227
LINC00844	0.909026199763677
MBL1P	0.648345470948287
GLUD1P3	0.170190079887584
EIF5AL1	0.62443404830482
_ENSG00000260400	0.801074556373473
_ENSG00000270087	0.425791716603096
_ENSG00000271848	0.161278639623872
_ENSG00000272447	0.882275059404334
SFTPD-AS1	0.268349879490988
COX15	0.286148255366221
ABCC2	0.203697972693334
FAS	0.178133189596517
RRP12	0.000863964463748999
MRPL43	0.0190407602993978
ALDH18A1	0.82422091359813
PSD	0.969130224150604
WAPL	0.899244935870903
SLK	0.664681659755138
GSTO2	0.511871259101574
SEC31B	0.724485123171945
PAX2	0.179303947260563
NT5C2	0.168537256069055
TM9SF3	0.306456782016845
PDE6C	0.574923224124175
CWF19L1	0.183206391470139
SEMA4G	0.419715440352138
BTAF1	0.741479147894666
BLNK	0.750787607617059
TLL2	0.941897840424846
CYP26A1	0.941897840424846
SORBS1	0.00256585767617054
CRTAC1	0.560850591058837
SCD	0.15868442376551
CCNJ	0.31886945921481
HPS1	0.0194531529589192
DNMBP	0.604827155123152
ERLIN1	0.26667505341041
PKD2L1	0.29280227211569
CCSER2	0.641910609952466
BMPR1A	0.720245729980616
MINPP1	0.27729109159985
ACTA2	0.374816741851732
LIPA	0.425370584238046
TWNK	0.605554422094901
LZTS2	0.135444686413794
SFXN3	0.101330015037634
FBXW4	0.587181920945913
NPM3	0.114394629650066
TNKS2	0.819623784998209
GBF1	0.331841843315838
CPEB3	0.297700202825478
FBXL15	0.318851618138849
CUEDC2	0.0378135005539441
SUFU	0.885721459029275
NEURL1	0.308705918839422
SH3PXD2A	0.806506638469457
STN1	0.383915784228979
SORCS1	0.614713336847484
LGI1	0.599030363210679
TBC1D12	0.977430436840067
SLF2	0.508480281032427
IDE	0.673868650127664
IFIT3	0.128701144829929
IFIT2	0.361791739233282
CUTC	0.42921142873126
PPP1R3C	0.000497026257860626
PYROXD2	0.525829956527363
CNNM1	0.566841703436583
HELLS	0.261628028425615
TCTN3	0.0925431561446973
AVPI1	0.0327560894275497
ARMH3	0.119877223067746
KCNIP2	0.209302219677549
CFAP58	0.918891751183636
GOT1	0.365420116402727
CPN1	0.737777397021141
LDB3	0.636131831680142
OPN4	0.941897840424846
SHLD2	0.885566117414192
ACTR1A	0.489401838349476
MFSD13A	0.489355561110346
CYP2C8	
MYOF	0.647055160725451
STAMBPL1	0.932551195563926
ATAD1	0.417872540561114
KIF11	0.90056743260908
CALHM2	0.739517934774556
ARL3	0.286902606874361
KIF20B	0.502145858827855
ENTPD1	0.266977479170808
EXOC6	0.0502042985731907
PLCE1	0.680373302928263
RBP4	0.60176023746896
ADIRF	0.721788841124529
GLUD1	0.0107593318091371
HTR7	0.941897840424846
RPP30	0.843053813578085
FRA10AC1	0.955555423631748
INA	0.351240395519504
GSTO1	0.00215978347821711
TAF5	0.901678947980888
PPRC1	0.043593365567367
CNNM2	0.938800312040149
PDCD11	0.429889589132093
IFIT5	0.226290040291656
SLC16A12	0.136574094727748
PANK1	0.632206809687487
MMS19	0.999807458426529
PI4K2A	0.0134419397118032
MARVELD1	0.800776538243804
ZFYVE27	0.00551261250550052
GOLGA7B	0.0905121548512841
SLC25A28	0.287763669573952
PIK3AP1	0.0268326712858614
PCGF6	0.32507366766337
SFR1	0.606008381544219
SORCS3	0.337270839873186
SFXN2	0.192780148521881
HECTD2	0.803998632000674
UBTD1	0.205110264517951
R3HCC1L	0.366103958482826
HIF1AN	0.22794534718346
BTRC	0.0273989940382129
POLL	0.814394597835617
DPCD	0.0564284695851397
HPS6	0.808681649377684
NOLC1	0.731965900910668
WBP1L	0.978437968748579
MORN4	0.153493947411585
TRIM8	0.00575073644228537
ZDHHC16	0.50238019828471
EXOSC1	0.247097743353658
PGAM1	0.19281011182639
PTEN	0.647376807559066
HPSE2	0.000360637021779947
ACSM6	0.882755027222284
NOC3L	0.95993210435446
SNCG	0.000179643334666164
MMRN2	0.48953048482304
ATP5MD	0.345607471095761
FGFBP3	0.642221054246585
SLC35G1	0.112985718608513
ZNF518A	0.0914066724460431
RPS3AP5	0.731159425522605
PCGF5	0.499643353014783
PIPSL	0.480435941062556
FRAT2	0.73835742740828
GRID1	0.376516750733433
RNLS	0.792712646697384
IFIT1	0.510907471503167
FFAR4	0.574399207174012
PDZD7	0.640532191243322
SLIT1	0.405189431110037
BLOC1S2	0.0792238172842216
LCOR	7.76457533916356e-05
OPALIN	0.900574743503575
CFAP43	0.0557096075312425
ENTPD7	0.48864871297649
MARCHF5	0.779116899319504
OGA	0.0420884371819646
PAPSS2	0.134051329204099
LDB1	0.844896792856215
CHUK	0.390677931399626
NUTM2A-AS1	0.497457797812574
CFL1P1	0.648925939961982
LINC00863	0.967906229228994
_ENSG00000224934	0.994755941171043
_ENSG00000225850	0.504041301712958
_ENSG00000225913	
KCNIP2-AS1	0.642231186628263
ENTPD1-AS1	0.135796531517106
LINC00866	0.504041301712958
DNMBP-AS1	0.397443792211714
LINC00858	0.574399207174012
LINC02681	0.369647602289817
LINC01435	0.119458914431718
_ENSG00000231829	0.423581710939803
_ENSG00000231970	0.807674512721039
LINC00865	0.505308522423654
GRID1-AS1	0.342650322239185
_ENSG00000235100	0.887831767190581
NEURL1-AS1	0.918209685830619
OLMALINC	0.0397364736557087
TLX1NB	0.29280227211569
LINC02653	0.57335185203678
RPL13AP5	0.00552552266816687
_ENSG00000249967	0.24339572097507
_ENSG00000255339	0.62443404830482
RPARP-AS1	0.839723938858706
_ENSG00000270099	0.895027651685041
BORCS7-ASMT	0.392177909068904
_ENSG00000272508	0.354667718512564
_ENSG00000273108	0.62443404830482
_ENSG00000280134	0.0780931516889751
SH3PXD2A-AS1	0.0681700706365031
RAD52	0.851635927153215
FKBP4	0.366736445835632
ADIPOR2	0.271711628841167
SLC6A13	0.369189293096344
TSPAN9	0.512942235220671
ZRANB1	0.677101620294468
ZDHHC6	0.395105310174988
ADRB1	0.330952113876606
WNK1	0.0808486737034929
OAT	0.378028806214962
FGFR2	0.010846629399418
INPP5A	0.222704131604906
KDM5A	0.00322756234859462
TULP3	0.455848175958592
ERC1	0.182557830690738
DHX32	0.0323212881069125
IKZF5	0.617409199446746
TDRD1	0.00380948833572994
ABLIM1	0.314724955947218
ATRNL1	0.252863430616712
RAB11FIP2	0.487622952313198
EIF3A	0.126601428447442
SEC23IP	0.926759905743738
ATE1	0.110741265847431
NSMCE4A	0.868753664719006
PLEKHA1	0.958932043539332
LHPP	0.195586114763992
EDRF1	0.508168682814243
BCCIP	0.504710031697178
GLRX3	0.352370293400925
XPNPEP1	0.25242758740536
SMC3	0.292238019554612
SHOC2	0.428894713453269
SLC6A12	0.203172518555563
WNT5B	0.295402136592967
ITFG2	0.345451828666441
FOXM1	0.342650322239185
TECTB	0.625136362550862
GPAM	0.0537161240993205
MXI1	0.995832105444537
SMNDC1	0.641186518950308
C10orf88	0.306120714523348
DENND10	0.214369510122305
WDR11	0.367696410325523
IQSEC3_ENSG00000120645	0.51677370167081
CCDC77	0.771417578843093
CPXM2	0.574923224124175
ECHS1	0.695257188168449
TUBGCP2	0.432015688107135
CALY	0.412890801160665
CYP2E1	0.771227321158671
PTPRE	0.0491976093198291
CUZD1	0.342650322239185
TACC2	0.0173177512866262
DUSP5	0.504041301712958
B4GALNT3	0.351269518218517
ADD3	0.00836735521290645
TCF7L2	0.948469825164219
LRRC27	0.226222715482684
NKX6-2	0.204573866961308
PAOX	0.626532970601081
ADAM12	0.297887034292118
RGS10	0.644707889603155
PDCD4	0.965984161367002
ADRA2A	0.395527321393476
DOCK1	0.324828590141087
DCP1B	0.714094441019843
CACNA1C	0.926761523210326
VTI1A	0.190283609847008
FAM160B1	0.495002821928386
DPYSL4	0.488446326364676
ADAM8	0.464163603253907
GFRA1	0.00224002871397688
CACUL1	0.62624255991451
TIAL1	0.242572164606356
BAG3	0.580090886645854
BUB3	0.733601882612948
GPR26	0.855469418253182
C10orf90	0.795180975863048
SLC18A2	
PDZD8	0.232312921051105
ABRAXAS2	0.286140544011404
FAM204A	0.0520386754881268
PRDX3	0.929272677027759
STK32C	0.0766225498895544
CASP7	0.632989065417171
CCDC186	0.884852071347401
VWA2	
PRAP1	0.650168471408551
TRUB1	0.104345903034716
HSPA12A	0.26698949768877
HTRA1	0.98596983493505
LRTM2	0.344578962984235
AFAP1L2	0.204573866961308
EMX2	0.180669503692413
MGMT	0.0387921903374538
SYCE1	0.0264205187632104
KNDC1	0.129438638114205
CFAP46	0.847910345337641
PWWP2B	0.566558491705125
FBXL14	0.869066130385672
NINJ2	0.479257437678098
TEX36	0.0195101389089992
CTBP2	0.023072456601186
PPP2R2D	0.634924234660637
BNIP3	0.0702036263010238
DMBT1P1	
TCERG1L	0.259259516312819
NINJ2-AS1	0.806667694730469
CASC2	0.550246032661027
PSTK	0.854901507152705
CHST15	0.219209126005987
SFXN4	0.211781739961136
SHTN1	0.0441282113481442
ENO4	0.981228683959228
JAKMIP3	0.518475197986997
UROS	0.846025737218364
INSYN2A	0.815024097899192
LINC01164	0.942864538802018
ACADSB	0.0733016585660853
NHLRC2	0.0569761227231068
ACSL5	0.855965787926627
ADGRA1	0.180393923214349
MCMBP	0.852680407942034
TEAD4	0.897789501798759
INPP5F	0.449742678262377
GRK5	0.133902826283167
DCLRE1A	0.179156861008181
SPRN	0.439075593542611
FANK1	0.202311087704442
PLPP4	0.196538511114245
RBM20	0.855065664837112
ADD3-AS1	0.914391860999535
FAM24B	0.918891751183636
SCART1	0.799337491711356
BBIP1	0.499855639370549
_ENSG00000223528	0.502475286568876
EDRF1-DT	0.449702188840699
_ENSG00000225292	0.345296052371122
WASH8P_ENSG00000226210	0.0019829761869552
ATE1-AS1	0.499086579219732
_ENSG00000226899	0.504041301712958
WDR11-AS1	0.485848954925989
_ENSG00000227307	0.625314003305536
EMX2OS	0.668495163619386
LINC02641	0.317294132969865
_ENSG00000231104	0.181503638184014
LINC01166	0.342650322239185
_ENSG00000232934	0.57335185203678
RPL13AP6	0.62443404830482
RPL17P36	0.832864899518265
C10orf143	0.641404884223091
CACNA1C-AS1	0.737777397021141
_ENSG00000249456	0.265232605886744
_ENSG00000255624	0.342650322239185
CBX3P4	0.848862222171998
ITFG2-AS1_ENSG00000256150	0.6402492081021
ADGRA1-AS1	0.269120626528756
_ENSG00000256948	0.29280227211569
_ENSG00000258114	0.644375747093472
ITFG2-AS1_ENSG00000258325	0.69203443110905
_ENSG00000258539	0.269493119016605
_ENSG00000260917	0.900011747894475
_ENSG00000261799	0.640815223400683
_ENSG00000273143	0.737777397021141
M6PR	0.164830183937392
MGST1	0.440874474130338
CD9	0.173807807675671
NCAPD2	0.875691251830635
IFFO1	0.492465686194786
CD4	0.308006907679576
LRRC23	0.842899787400764
HEBP1	0.183501866119849
GPRC5A	0.369647602289817
DERA	0.00137343818504364
STRAP	0.524397698285111
ANO2	0.452687692810959
C12orf4	0.0257239692345426
LMO3	0.200758454121935
PLEKHA5	0.613150405509797
SLC2A3	0.0433467831175146
YBX3	0.381624740233111
STYK1	0.928266976199659
FOXJ2	0.779014364814113
TNFRSF1A	0.0228255797782076
CLEC2D	0.887831767190581
LRP6_ENSG00000070018	0.456064542577948
GUCY2C	0.942864538802018
TIGAR	0.00841027680255355
FAM234B	0.880747883729303
WBP11	0.0212931095462157
MLF2	0.25600936395784
NECAP1	0.948329624246382
VWF	0.63572861526078
P3H3	0.26015616313573
MAGOHB	0.385343843180736
PRMT8	0.94038314501499
PARP11	0.645627027016492
RAD51AP1	0.269120626528756
AKAP3	0.514922437251981
MANSC1_ENSG00000111261	0.0646648222251597
KCNA1	0.306875093497624
DUSP16_ENSG00000111266	0.706251084916215
CREBL2	0.611112067012865
CDKN1B	0.189346479302567
GSG1	0.0184785362713938
SCNN1A	0.0351495450235954
LTBR	0.645327283898909
MGP	0.573875416407613
ARHGDIB	0.625720212127162
RERGL	0.951585813710727
MRPL51	0.00422145584425173
GAPDH	7.38951721934001e-07
NOP2	0.0947215400157746
CHD4	0.0137856911903871
COPS7A	0.711177533363276
ING4	0.874075963021794
GNB3	0.653029776543644
USP5	0.15973531133223
TPI1	0.00344969075036546
SPSB2	0.424212455261094
ENO2	0.625582970147509
ATN1	0.585737122287778
C12orf57	0.00943690186159861
LPCAT3	0.39738517151138
APOBEC1	0.342650322239185
PHC1	0.775647942817047
_ENSG00000111788	0.887076653977147
CCND2	0.937360473484569
PLBD1	0.29280227211569
PRB2	0.269120626528756
BCL2L14_ENSG00000121380	0.907570535657346
ZNF384	0.731498419332764
PZP	0.269865965127032
GALNT8	0.359983135639137
CRACR2A	0.328785697396683
EMP1	0.246171432978247
RERG	0.892185614375617
KLRD1	0.378294746986206
ETV6	0.489458712523126
GABARAPL1	0.0021667698499469
PIK3C2G	0.655698854112987
AEBP2	0.0715987257960121
SLCO1C1	0.00493572095507753
C1RL	0.0345597345679538
CLSTN3	0.896213336544789
KLRG1	0.260556724164127
VAMP1	0.833457380889394
TAPBPL	0.339552863381719
RBP5	0.942864538802018
PEX5	0.515393159482644
PIANP	0.773927783838755
PTPRO	0.8497408952261
EPS8	0.77736663232436
PTMS	0.349514765608725
C1R	0.431577367997279
FAM86FP	0.202741003962275
TMEM52B	0.316979681126632
BORCS5_ENSG00000165714	0.898604036305181
RIMKLB	0.0911968641743574
A2ML1	0.111914973026473
ATF7IP	0.427224982185297
FAM90A1	0.202094984511021
C3AR1	0.0388289333437863
CLEC12A	0.311051144503962
PDE3A	0.246026574633316
SLC2A14	0.155252198769609
OLR1	0.994792493646471
A2M	0.778860305472881
CD163L1	0.20382104387522
APOLD1	0.8146603213024
EIF2S3B	0.834676069803104
C1S	0.239495322300678
C12orf60	0.239069958792746
GPR19	0.181848414772043
LPAR5	0.643006140256606
MFAP5	0.57335185203678
CLEC4C	0.0198764494823172
LOH12CR2_ENSG00000205791	0.392514480229007
_ENSG00000214772	0.724048983114737
_ENSG00000214776	0.078211851254911
ACSM4	0.342650322239185
PHB2	0.522926029918846
CD27-AS1	0.430648307123108
LINC02449	0.376304888499017
LINC02470	0.504041301712958
LINC00937	0.295350739923836
FAM66C	0.672388577591983
_ENSG00000227081	0.0176762277883453
PRH1_ENSG00000231887	0.101439211178733
LINC00987	0.31760878928196
DEFB109F	0.115415795738164
A2M-AS1	0.202544270817834
_ENSG00000245648	0.626939520049505
H2AJ	0.625314003305536
LINC01252	0.5139170464904
GPRC5D-AS1	0.395527321393476
_ENSG00000247853	0.731128292335684
GPR162	0.1339293094045
PRB1_ENSG00000251655	
GAU1	0.942864538802018
_ENSG00000255621	0.131257401844565
_ENSG00000255639	0.802332933315446
_ENSG00000255670	0.635443067244062
KLRC4-KLRK1	0.625136362550862
_ENSG00000255910	0.112114974328911
_ENSG00000255983	0.136574094727748
A2MP1	0.774812644951506
_ENSG00000256211	0.421378165015655
_ENSG00000256237	
SUPT16HP1	0.809689103098638
LINC02398	0.868175702609242
_ENSG00000256427	0.179562461356058
SMIM10L1_ENSG00000256537	0.208376807679681
_ENSG00000256552	0.101982205974885
ENPP7P5	0.206717275835672
A2ML1-AS1	0.922484325058353
KLRA1P	0.517082580663959
_ENSG00000256862	0.0403283783101408
LINC02378	0.738937606760991
_ENSG00000257004	0.561450109492905
_ENSG00000261324	0.899456112186753
_ENSG00000269968	0.636481492398396
DDX55P1	0.0681700706365031
GRIN2B	0.314972203052927
_ENSG00000275119	0.015586255130647
_ENSG00000275367	0.856898957557501
RECQL	0.908250900742807
RPAP3	0.0495079620435166
DDX11	0.828125491342696
YAF2	0.912895012598086
CNTN1	0.734641303147083
ARNTL2	0.767605571377496
PKP2	0.269292264227779
BCAT1	0.798440854848797
HDAC7	0.0880255833916123
MRPS35	0.925694197917533
INTS13	0.00823319525171196
TM7SF3	0.00545345503535955
FAR2	0.143873744197326
ABCC9	0.492906423605994
RAPGEF3	0.470866766948318
SENP1	0.156844562101028
SLCO1A2	0.632349360246855
KLHL42	0.260225136227647
DNM1L	0.642575631462973
PTHLH	0.918891751183636
ERGIC2	0.353996540162126
PPFIBP1	0.149646536499445
CAPRIN2	0.823278487862434
TSPAN11	0.180335484981606
SYT10	0.572305403327207
SLC38A1	0.0319563446419948
VDR	0.0681700706365031
GOLT1B	0.431392069752613
GYS2	0.887557044472563
LDHB	0.0225973885597604
CMAS	0.51713102963106
ST8SIA1	0.255205729191818
C2CD5	0.0796974303963519
FGFR1OP2	0.137718693584685
CASC1	0.597293739482683
LRMP	0.362000012570679
PYROXD1	0.643509531366722
KCNJ8	0.606916756961387
RASSF8	0.0356027633558463
BHLHE41	0.275689940694685
SSPN	0.417446956342878
ITPR2	0.285350620757017
CCDC91	0.688757035368549
TUBA1B	0.000270215270238921
CCNT1	0.949309803736782
PUS7L	0.966255708088057
TMTC1	0.256098279001256
KRAS	0.712437913194874
IPO8	0.0507860634929484
PPHLN1	0.850419249494079
TMEM106C	0.0475797310590261
SLC38A2	0.164868945938277
PLEKHA8P1	0.574160019255973
SOX5	1.92928287607917e-05
SPX	0.252412340663686
KIF21A	0.982174218965386
CPNE8	0.37178663236029
YARS2	0.474849942098723
FGD4	0.00627925550164769
ALG10	0.490413112538656
SINHCAF_ENSG00000139146	0.917527680662566
ETFBKMT	0.423665431649817
ETNK1	0.102803555775852
ZCRB1	0.0294059586069814
TMEM117	0.405944504776967
PRICKLE1	0.425347947091218
AMIGO2	0.218830796410528
SCAF11	0.729806395239427
CCDC65	0.0867932337057828
KANSL2	0.0398387525533096
LMBR1L	0.0209648524907655
SLC2A13	0.126305826973512
GXYLT1	0.526992821574237
TWF1	0.883055524843012
AMN1	0.522547089031382
BICD1	0.929153927978471
PFKM	0.327521906939991
LMNTD1	0.127726616039154
MED21	0.251330525017491
SMCO2	0.505308522423654
PDZRN4	0.252449029706219
ZNF641	0.2519322301156
CACNB3	0.512175444247611
KMT2D	0.0282513049806222
RHEBL1	0.144637872852466
WNT10B	0.885155508586149
DENND5B	0.199892984195322
RND1	0.0780050363717844
ADAMTS20	0.88563573209727
ABCD2	0.927303037661478
ADCY6	0.000352114770914966
DDX23	0.00180196555599174
RESF1	0.482837735130347
ALG10B	0.330771024079432
ANO6	0.686310596067657
_ENSG00000177359	0.39352524397628
CCDC184	0.258564696051599
ASB8	0.0224543579666592
PCED1B	0.0709550585635325
C12orf40	0.0441366967360897
DDN	0.167800215424489
PRKAG1	0.705552638638757
NELL2	0.429511667458359
OVCH1	0.269865965127032
LRRK2	0.810620116500378
ARID2	0.99915972557181
_ENSG00000198001	0.636572864687161
MUC19	0.941897840424846
ETFRF1	0.556299511157833
STK38L	0.0892622002932634
SLC48A1	0.670261999304534
LRRK2-DT	0.342650322239185
_ENSG00000226472	0.738937606760991
_ENSG00000234428	0.770244910124577
ARNTL2-AS1	0.899456112186753
DDX11-AS1	0.634333280566707
_ENSG00000246331	0.051669091378979
RASSF8-AS1	0.0359217729911044
_ENSG00000255652	0.179303947260563
TDGP1	0.0681508206196904
DENND5B-AS1	0.458481491455982
_ENSG00000255968	0.772875226281093
_ENSG00000256226	0.0118746641449772
_ENSG00000256234	0.326564778328777
_ENSG00000256538	0.859568143014238
_ENSG00000256615	0.62443404830482
_ENSG00000256625	
_ENSG00000256995	0.195801008915535
_ENSG00000257176	0.64924593661462
_ENSG00000257228	0.179303947260563
_ENSG00000257239	0.270710095657719
_ENSG00000257261	0.413221216552504
_ENSG00000257319	0.0762798681991292
_ENSG00000257433	0.646567821389657
_ENSG00000257511	0.283422617556675
OVCH1-AS1	0.487767797905241
_ENSG00000257657	0.859371285226648
_ENSG00000257735	0.855485814584973
DDN-AS1	0.918209685830619
_ENSG00000257925	0.203697972693334
TEX49	0.144849664408153
_ENSG00000258017	0.702492687860775
_ENSG00000258121	0.118492024257349
_ENSG00000258181	0.18101689017169
_ENSG00000258234	0.117277520489502
_ENSG00000272822	0.0130520967208966
_ENSG00000273015	0.419223535674499
_ENSG00000274987	0.393188147716319
_ENSG00000276900	0.572305403327207
CALCOCO1	0.493765485663975
HSD17B6	0.215731588544808
LIMA1	0.89672836124831
LETMD1	0.718411933790969
SLC4A8	0.812367528949579
CS	0.266056747350344
EIF4B	0.664100234046092
DGKA	0.1664026852318
ERBB3	0.325224450257506
DIP2B	0.934760170348193
SMARCD1	0.515225135437745
RBMS2	0.0987076771797726
BAZ2A	0.687540787756154
MYL6	0.0209209487934561
AAAS	0.882487252223869
CBX5	0.118851936194924
PRPF40B	0.395211059455392
ASIC1	0.00785174651844849
SLC11A2	0.31195722962454
CSRNP2	0.798971584100789
BIN2	0.800638517315692
ATP5F1B	0.00472864175599167
PTGES3	0.614516943280111
TNS2	0.134608684273416
COPZ1	0.0500223273945547
RAB5B	0.281012111091777
TIMELESS	0.806667689737416
SLC16A7	0.355189956605805
ATF1	0.425572851271865
TSFM	0.243324437988295
ARHGAP9	0.90056743260908
NCKAP1L	0.561749984897522
PFDN5	0.0687884800015725
SPATS2	0.0049631766643112
ORMDL2	0.268585263028295
NR4A1	0.00972636370799668
PDE1B	0.353112149408185
LRP1	0.206463948264652
ATG101	0.161735835889711
IKZF4	0.875399633079014
SMUG1	0.889704789629418
ATP5MC2	0.0874706894634965
CD63	0.0316428341960221
AVIL	0.599886963214992
GDF11	0.0593243594720224
GLS2	0.923455764985881
ITGA7	0.403342796544919
TESPA1	0.432560263952934
AGAP2	0.988460089148299
CDK4	0.316068898167951
PPP1R1A	0.0558055301042108
TSPAN31	0.904907261878597
B4GALNT1	0.870266678752789
TFCP2	0.113308878895948
COQ10A	0.798248971396607
FAIM2	0.873021970165141
PAN2	0.452989155099583
ESPL1	0.0999054347185755
SLC26A10	0.0162301211073286
ACVR1B	0.103637012417776
OS9	0.970943262751025
KCNH3	0.0291241955466284
LRIG3	0.199474193519618
MARCHF9	0.643779124713083
SUOX	0.0533342714806512
TARBP2	0.22393115285524
NABP2	0.223224011829994
CERS5	0.286040037792862
MAP3K12	0.532133731739266
GALNT6	0.316037552408282
CSAD	0.225582523542091
C12orf10	0.635145536806678
ESYT1	0.842694838554236
TMBIM6	0.295882206193873
ANKRD52	0.759521911511728
ZNF740	0.653029776543644
_ENSG00000144785	0.514211885601565
KIF5A	0.0949490495381886
ITGA5	0.0335651909420408
ZNF385A	0.301298008975684
FMNL3	0.620811571194823
RACGAP1	0.651894009917891
LARP4	0.419767708867956
GRASP	0.433560523140751
ZBTB39	0.219696043786173
TAC3	0.640954004063289
NEMP1	0.388800902544174
NAB2	0.730566493727756
STAT6	0.79538757745017
ATP23_ENSG00000166896	0.0573814662367389
PIP4K2C	0.529707694106869
MARS1	0.908464026040052
MBD6	0.181192127918302
TUBA1A	0.000589281312685651
TUBA1C	0.649876191824558
NCKAP5L	0.0790510309288271
GPD1	0.627346182836156
SPRYD3	0.0201499664855814
IGFBP6	0.83165060084763
KRT8	0.270463044630098
PYM1	0.946864566259021
PA2G4	0.268426313384465
SMAGP	0.269865965127032
STAT2	0.771995824131564
RARG	0.883502115729232
DDIT3	0.326806595588641
DCTN2	0.123321417472334
CTDSP2	0.724349928355403
SPRYD4	0.307780324168863
DTX3	0.0177449121313334
R3HDM2	0.0142232530859405
RNF41	0.0692950894978931
SHMT2	0.927128491218978
MFSD5	0.786290961031927
TMEM198B	0.358877977617924
DAZAP2	0.232376112387851
POU6F1	0.774500704204069
METTL7A	0.0446183281884391
STAC3	0.480435941062556
SP1	0.592767151415019
NDUFA4L2	0.218830796410528
FAM186A	0.0934157527041904
TMPRSS12	0.136574094727748
BCDIN3D	0.0343055530311334
MCRS1	0.236567340798691
MYL6B	0.0638745618546698
NACA	0.060852882491969
SCN8A	0.259328509161943
PCBP2	0.203072099218483
RPS26	0.203235919259751
PRIM1	0.42220765228306
SARNP	0.318238715312251
HIGD1C	0.117562405233328
RPL41	0.0602319651853677
ARHGEF25	0.687286992049655
_ENSG00000248265	0.203235919259751
FAM242C	0.62443404830482
LINC02388	0.605554422094901
_ENSG00000257303	0.164923825445335
_ENSG00000257337	0.270137457972269
_ENSG00000257342	0.470288036453505
HSPD1P4	0.00688370417176849
SCAT2	0.808178041316175
GIHCG_ENSG00000257698	0.65617979551718
_ENSG00000257809	0.651487719127588
_ENSG00000258101	0.14442631867264
_ENSG00000258199	0.151402911704265
_ENSG00000258231	0.0554448651175399
_ENSG00000258334	0.14442631867264
_ENSG00000258763	0.901678947980888
_ENSG00000272368	0.62650155445279
DCN	0.757352862788008
KITLG	0.0023364461963448
PPP1R12A	0.308857042461905
MON2	0.45356676823228
SYT1	0.148314391604989
NAV3	0.586228401647572
ATP2B1	0.395309635139286
SLC6A15	0.169697784916272
TRHDE	0.968728873014066
RAB21	0.172295553630086
IRAK3	0.858590633867196
OSBPL8	0.0279508477469931
EEA1	0.63508344563148
LIN7A	0.808487898631296
ACSS3	0.488754674691742
PPM1H	0.220589427142388
TBC1D30	0.770833151358585
CAND1	0.0496968166576583
MDM1	0.237778319522423
NUP107	0.585847590867087
CNOT2	0.440401403457446
CPSF6	0.83439314756714
KRR1	0.518850914667645
RXYLT1	0.642815415811188
SOCS2	0.901123166061073
TBC1D15	0.84111446021341
HELB	0.0510172499046497
RAP1B	0.363303664984944
TSPAN8	0.144849664408153
BEST3	0.573745722652265
RAB3IP	0.407394049211793
PTPRB	0.22671845550866
DYRK2	0.897202938413716
YEATS4	0.944807027829221
METTL25	0.090791022738213
BTG1	0.0434059038009214
LRRIQ1	0.370259505339631
C12orf29	0.46097212071909
CCDC59	0.37443833874351
ZFC3H1	0.186775261036844
KCNMB4	0.592145597284138
USP15	0.313908011250423
GNS	0.502511188126508
CPM	0.878863180125734
MDM2	0.657437860366975
PPFIA2	0.593676200909222
LLPH	0.330330157493423
RPL14P1	0.0147106347957225
GLIPR1	0.203753797812064
TPH2	0.919573876223222
PHLDA1	0.800952547665502
TMEM19	0.0501015674254072
LGR5	0.813886495025638
PTPRQ	0.281371871274931
DUSP6	0.429889590559475
POC1B	0.805282905771997
TMTC3	0.249506469869647
HMGA2	0.138337046749674
RASSF3	0.382988137304678
PTPRR	0.773559772906735
GRIP1	0.00472968093595042
WIF1	0.526880401183028
OTOGL	0.796889228855504
KCNC2	0.00648030791302693
FRS2	0.57379536542897
CCT2	0.816566802355491
MYRFL	0.673193628504451
GLIPR1L1	0.571782519410272
THAP2	0.0817584373119304
NUDT4	0.535408201106232
MSRB3	0.222119904559338
LEMD3	0.244670671372823
C12orf66	0.689103806688953
CSRP2	0.449106430407254
SLC35E3	0.333665785223094
PAWR	0.533567030732877
UBE2N	0.698930450830261
DPY19L2	0.230877600704369
TMTC2	0.174342148591124
BBS10	0.789049736731592
GLIPR1L2	0.986667637268976
CAPS2	0.234025059799573
MGAT4C	0.344620728266038
TBK1	0.073734156677898
XPOT	0.614428611499157
C12orf56	0.19402213836824
ZDHHC17	0.384497964359499
NAP1L1	0.795569761923576
SRGAP1	0.0439979560456574
MRPL42	0.966025659431829
TAFA2	0.424088065731764
CEP290	0.543962536943594
_ENSG00000215159	0.845573565924382
CENPCP1	0.244685721424639
TSPAN19	
ATP5PDP4	0.421882787820366
TRHDE-AS1	0.604646960418363
_ENSG00000243024	0.514278658895366
_ENSG00000245904	0.0174800230779177
SOCS2-AS1	0.131436833667473
LINC02231	0.345571882961207
_ENSG00000249753	0.395527321393476
_ENSG00000250748	0.637646878050598
_ENSG00000251138	0.40270608964169
LINC02384	0.144637872852466
ATXN7L3B	0.997603633602521
LINC02389	0.371636293727872
IFNG-AS1	0.0335651909420408
_ENSG00000255886	0.532693964924671
LINC02821	0.919573876223222
_ENSG00000257165	0.342650322239185
_ENSG00000257191	0.313070243375773
LINC01619	0.11474900826918
_ENSG00000257252	0.482153042060223
_ENSG00000257322	0.629585328132654
_ENSG00000257354	0.632507116581211
_ENSG00000257429	0.62443404830482
PPFIA2-AS1	0.607371172647286
_ENSG00000257526	0.0504855671148909
PPP1R12A-AS1	0.861323513505499
LINC02426	0.941897840424846
_ENSG00000257764	0.0351495450235954
CNOT2-DT	0.00191434899094462
_ENSG00000257894	0.188759202583068
_ENSG00000258048	0.307101235663991
_ENSG00000258066	0.227391548796535
_ENSG00000258077	0.272401544823247
_ENSG00000258084	0.917527680662566
_ENSG00000258090	0.058186376247781
_ENSG00000258162	0.0851538626234789
_ENSG00000258168	0.182235573656353
_ENSG00000258216	0.625136362550862
_ENSG00000258225	0.010645834427506
_ENSG00000258302	0.227925108063709
POC1B-AS1	0.881741126621104
ATP2B1-AS1	0.269056455381149
LINC02391	0.268114637692248
CRY1	0.334012578494671
NR1H4	0.29280227211569
POLR3B	0.515838791766355
IGF1	0.989338500414084
VEZT	0.555858518308446
TMCC3	0.992352476244786
CDK17	0.971329539936924
NTN4	0.0637710593396972
NUAK1	0.0359373119594638
WSCD2	0.926369583963977
ACTR6	0.357023632296958
NUP37	0.101439211178733
SLC25A3	0.160950006271779
SART3	0.176403765292227
UNG	0.0964702797768165
ANKRD13A	0.763064322934977
ACACB	0.680904296658213
SSH1	0.987619251965425
TESC	0.0341837748283671
RPL6	0.395279835921626
MAPKAPK5	0.589880963570885
SLC8B1	0.103296818704278
RPH3A	0.786124211451752
BRAP	0.239906288245973
ERP29	0.187317140390293
PRDM4	0.763480630017358
CORO1C	0.42256313763273
DAO	0.869032292824817
KCTD10	0.425119475504876
MVK	0.0281177709830049
METAP2	0.439954351613691
LTA4H	0.838095330357723
ELK3	0.32113804916142
TRPV4	0.144215001727512
ARPC3	0.20424555169383
GPN3	0.0553252416741788
VPS29	0.0788129377707405
CUX2	0.280448472322549
SH2B3	0.646486858959536
ACAD10	0.884351561442017
ALDH2	0.51416318988158
NAA25	0.356703764029769
RASAL1	0.35516668302685
C12orf49	0.690180895889085
UHRF1BP1L	0.983131208857571
CHPT1	0.00911229405829659
GNPTAB	0.464530872820971
NT5DC3	0.0461065760402106
HCFC2	0.784635803369098
RFX4	0.00226954334095834
RIC8B	0.127637310149561
NR2C1	0.152011120271716
UTP20	0.802811838642132
TMPO	0.969718068526582
ARL1	0.739706230481889
GLT8D2	0.838040570564335
MTERF2	0.418385572282318
NFYB	0.595649694961259
WASHC3	0.932561160957838
APAF1	0.211021354733798
RBM19	0.43411482286504
IFT81	0.0199934342254085
HVCN1	0.823123906440622
DDX54	0.0313837761827713
MED13L	0.000314563164800244
USP30	0.775054342471465
SDS	0.0340185546996942
HRK	0.606008381544219
RNFT2	0.625763988135038
DTX1	0.158794989257234
TRAFD1	0.612798591427637
ISCU	0.0537938552026023
ALDH1L2	0.0921199739527901
STAB2	0.634929043482197
USP44	0.51924740766171
SCYL2	0.431482166423013
CKAP4	0.159264977396182
PLXNC1	0.328470857263884
APPL2	0.191586417715219
PWP1	0.287356590580452
DRAM1	0.983032471932562
WASHC4	0.640580930856962
SLC41A2	0.297536694507168
SNRPF	0.14507929566132
NEDD1	0.549145126930086
SYCP3	0.200640302869511
ASCL1	0.232502230583106
GAS2L3	0.0999054347185755
TDG	0.640602882103612
RITA1	0.64316441536764
SDSL	0.377323370998907
MMAB	0.0672270764954161
GLTP	0.516241393499212
GIT2	0.681429905742594
TCHP	0.0356723851867261
FAM222A	0.984233550539156
C12orf45	0.538146310784228
TMEM263	0.0767672133175791
BTBD11	0.263623848098941
UBE3B	0.946747165780262
RAD9B	0.136574094727748
PLBD2	0.0246761913354285
ANO4_ENSG00000151572	0.463546299267744
CCDC38	0.136574094727748
TCP11L2	0.504495153093347
SVOP	0.911488243079989
IKBIP	0.0923206338616933
DEPDC4	0.649624959381244
IQCD	0.481240194616053
HSP90B1	0.542440239985754
CRADD	0.165186217047625
CHST11	0.75816109356148
PAH	0.645061003852105
HECTD4	0.998572934703784
CEP83	0.255860846640831
ATP2A2	0.346754955616302
C12orf76	0.926377449505965
MYO1H	0.489089491859393
FBXW8	0.455170682348544
C12orf42	0.113755773880817
PTPN11	0.0514159134821063
SLC17A8	0.898900525755339
FGD6	0.304878809190741
NDUFA12	0.492367530283983
ANKS1B	0.347337555304359
PARPBP	0.135792666433501
PPP1CC	0.13871241256471
CFAP73	0.179303947260563
TPCN1	0.170058299138006
CFAP54	0.0421784254706643
ALKBH2	0.0218797127187578
MYBPC1	0.00172588379019544
ANAPC7	0.413437248664406
LINC00173	0.65444894737885
PPTC7	0.871139993285157
TMEM116	0.522174399503622
TXNRD1	0.299758272717053
FICD	0.207380054655934
ATXN2	0.0316187053795108
TCTN1	0.238267907001345
FAM216A	0.40834504575265
C12orf73	0.102814142785292
TTC41P	0.840393367290947
MAPKAPK5-AS1	0.0714413502824851
C12orf75	0.951954919749576
GOLGA2P5	0.950584627569149
RPL31P49	0.624907908229873
LINC01234	0.504674702391583
FAM222A-AS1	0.423581710939803
RMST	0.692904211217531
SLC5A8_ENSG00000256870	0.504041301712958
PGAM1P5	0.24887586985083
_ENSG00000257268	0.179303947260563
_ENSG00000257279	0.219118939830537
_ENSG00000257283	0.888037476278902
_ENSG00000257398	0.0999054347185755
_ENSG00000257452	0.637646878050598
_ENSG00000257458	0.498796548890333
_ENSG00000257501	0.607825740129801
_ENSG00000257545	0.225904123420193
LINC02356	0.901123166061073
CBX3P5	
_ENSG00000257681	0.918891751183636
_ENSG00000257732	0.393188147716319
_ENSG00000257737	0.317294132969865
_ENSG00000257767	0.018478540590437
_ENSG00000257817	0.573875416407613
CASC18	0.0351495450235954
MAP1LC3B2	0.50238019828471
_ENSG00000258131	0.392514480229007
_ENSG00000258210	0.871602981939122
_ENSG00000258272	0.853265982518615
_ENSG00000258274	0.893691247369646
_ENSG00000258312	0.394199961359589
_ENSG00000258343	0.144003921875799
_ENSG00000260329	0.505308522423654
_ENSG00000277715	0.648427954884698
HELLPAR	0.247728656314637
RNF10	0.789837630164039
ZCCHC8	0.563765573346469
MPHOSPH9	0.19187835514972
RIMBP2	0.568359541661391
SFSWAP	0.0637231099394727
CHFR	0.751435940411797
SCARB1	0.0942847576146943
AACS	0.352291180082224
TMED2	0.517425174757641
DYNLL1	0.128112803659804
P2RX7	0.866116992235094
ANAPC5	0.00242577214745449
KDM2B	0.833856033216619
GCN1	0.142468917951577
RPLP0	0.620218050755599
PXN	0.610447020448479
SIRT4	0.566859677627502
PEBP1	1.55482342973925e-10
NOS1	0.509286149004182
ZNF268	0.244393906297053
GOLGA3	0.831485102879766
PITPNM2	0.425539842524625
COQ5	0.997152414745658
MLEC	0.0601402453629252
CAMKK2	0.654317168077372
BCL7A	0.0105506491999211
RSRC2	0.474767630706974
GTF2H3	0.724785968234392
EIF2B1	0.913099172073648
DDX55	0.23613771059426
RFC5	0.155653927342592
STX2	0.305103108514739
ADGRD1	0.574923224124175
SUDS3	0.641675508416947
PRKAB1	0.604646960418363
RAB35	0.110797382800977
COX6A1	0.876246679004412
SRSF9	0.12618845734689
FBRSL1	0.700959823985375
CCDC92_ENSG00000119242	0.75663993535571
CIT	0.873306008920943
ACADS	0.489963175746892
NME2P1	0.0622710092785931
PIWIL1_ENSG00000125207	0.0999054347185755
CLIP1	0.190468271330276
CCDC62	0.888433970369414
HIP1R	0.673278699069667
C12orf65	0.807628850266692
RAN	0.0734398004000427
TAOK3	0.474801468432459
MSI1	0.249046510595575
FBXO21	0.366783605627401
P2RX4	0.203395922655847
BICDL1	0.239377597080333
TMEM132B	0.00768316755704074
SLC15A4	0.33638754497963
SBNO1	0.618718721246015
MORN3	0.854615673932296
SETD1B	0.0483571496268377
VPS37B	0.908992464279009
RHOF	0.269764307338589
DENR	0.0993368905513154
SRRM4	0.581163170199685
ABCB9	0.0188055619766256
RILPL2	0.410746886042345
DHX37	0.467258196610817
UBC	0.0201337271758145
GLT1D1	0.988737891377348
TMEM132D	0.675705752732761
HSPB8	0.538228817187695
CABP1	0.858531437062002
SPPL3	0.395305838858735
C12orf43	0.800119750500114
WDR66	0.894656847799323
HPD	0.572503683533664
LRRC43	0.70757045534348
POP5	0.312777103020781
TCTN2	0.85773077529497
RNF34	0.892600659118067
TRIAP1	0.898900525755339
KSR2	0.223095685527337
MLXIP_ENSG00000175727	0.246220835358866
UNC119B	0.644318977119707
B3GNT4	0.218830796410528
VSIG10	0.368182618195916
WSB2	0.0520032094216583
ANKLE2	0.210345078949736
POLE	0.806149511132247
ULK1	0.00664639890384347
PUS1	0.51599143388274
RFLNA	0.321089600454294
TMEM132C	0.706102034787276
ARL6IP4	0.352702152077291
GALNT9	0.0768601576964465
CCDC60	0.460055931866253
EP400	0.0810082277142773
KMT5A	0.490147561721184
SNRNP35	0.245325680791476
KNTC1	0.370026448021864
NOC4L	0.506661799049856
BRI3BP	0.685222718618913
DDX51	0.811638009188114
ATP6V0A2	0.726737508142165
EP400P1	0.0644062374622857
RILPL1	0.021462179179559
TMEM120B	0.247364762469625
LINC00943	0.289985533450865
ZNF140	0.0528829856264171
NCOR2	0.0215279365180156
DNAH10	0.0665954121392572
ZNF84	0.799272884555381
ZNF26	0.840122743551242
MMP17	0.383238629660825
ZNF891	0.267031227440844
LINC02347	0.62443404830482
TMEM233	0.504041301712958
RPS11P5	0.232247926526318
HNF1A-AS1	0.738937606760991
PGAM5	0.641584000751509
NRAV	0.871174438799953
_ENSG00000248636	0.849030758824453
LINC02405	0.487327661942389
_ENSG00000255839	0.841408038753964
_ENSG00000255856	0.918209685830619
PXN-AS1	0.336988397914473
_ENSG00000255946	0.625136362550862
_ENSG00000256008	0.368273735350703
SBNO1-AS1	0.0514076978033706
LINC00507	0.00379848537124852
ZNF10	0.377050327258463
_ENSG00000256343	0.628159848015265
_ENSG00000256632	0.94219185127716
KDM2B-DT	0.0613880618844328
_ENSG00000256825	0.144849664408153
_ENSG00000256955	0.504041301712958
LINC00508	0.202774629484614
_ENSG00000257095	0.857766595216948
GATC	0.879040531553282
TESC-AS1	0.29280227211569
_ENSG00000268486	0.808681649377684
_ENSG00000275232	0.48864871297649
ORAI1	0.266706162523765
_ENSG00000277283	0.808681649377684
_ENSG00000279113	
GGT4P_ENSG00000280208	
AKAP11	0.287423811084521
MIPEP	0.0441146257918161
IFT88	0.433464044670383
FRY	0.363302001793076
ATP12A	0.483388449309866
PDS5B	0.74519539459238
FGF9	0.0706459285999939
SGCG	0.18101689017169
PARP4	0.90276959413699
SUPT20H	0.136638746731571
MRPS31	0.319670574602771
SLC25A15	0.463530327978495
FLT1	0.653524982633237
RGCC	0.135884982719496
VWA8	0.599694683046314
DGKH	0.356037122807993
KATNAL1	0.649624745100281
ENOX1	0.285057079470502
TNFSF11	0.62443404830482
MTRF1	0.400266665192464
SPART-AS1	0.394718322918981
DNAJC15	0.596646856278875
PROSER1	0.414780253042296
UFM1	0.129766327752776
WBP4	0.167748832924099
ELF1	0.958612073459344
SMAD9	0.657757599239111
HSPH1	0.0932813513810512
KBTBD7	0.34093070206608
ALG5	0.953570342097338
EXOSC8	0.814232992085295
PSPC1	0.778790490926496
ZMYM2	0.573160065866385
GJB6	0.53661032012691
FLT3	0.42429110535137
RPL21	0.626550210851906
MTIF3	0.053412951381595
GTF3A	0.0864217700877876
UBL3	0.116190018291875
TNFRSF19	0.151283207505303
RNF6	0.634942682342893
ATP8A2	0.104563322943787
MTUS2	0.280419294902015
ZMYM5	0.611319409641491
USPL1	0.676460550526999
XPO4	0.293709432967215
TPTE2	0.191227392560871
POMP	0.211430789856167
CDK8	0.145171012836041
ALOX5AP	0.485003050207928
WASF3	0.192016289629977
RNF17	0.458796137624538
GPR12	0.202544270817834
DCLK1	0.894368321280277
CCNA1	0.179303947260563
COG6	0.361424742949773
SPART	0.1071323131096
EPSTI1	0.670722438213239
TRPC4	0.25698680941339
POSTN	0.269120626528756
RFXAP	0.40340163476571
KL	0.269493119016605
RFC3	0.604126653991865
STARD13	0.142862048472776
NUP58	0.21375971681454
MTMR6	0.575079974148015
SLC46A3	0.977379127687692
SLC7A1	0.07039682879499
LNX2	0.853356328992918
N4BP2L1	0.853966835652283
BRCA2	0.919573876223222
EEF1AKMT1	0.957310995025818
LATS2	0.62478080433688
SAP18	0.949515580599318
FREM2	0.576279651732508
FOXO1	0.908868733220154
SACS	0.00176168009758936
PABPC3	0.218830796410528
CENPJ	0.311871805130589
USP12	0.355005760350737
PAN3	0.0182177126489514
CRYL1	0.099016011953786
SKA3	0.0681700706365031
MICU2	0.884360539866527
AMER2	0.301929229028581
KBTBD6	0.823620592678495
TPTE2P5	0.354129021852282
IL17D	0.34973821687142
NAA16	0.925798568444969
NBEA	0.653352075820219
MRPL57	1.0348886185585e-05
TEX26	0.918209685830619
ATP5F1EP2	0.100340461117929
SERTM1	0.740679035564108
ZDHHC20	0.4461570701151
LHFPL6	0.886587677107625
POLR1D	0.428903323235096
B3GLCT	0.205484942829252
NHLRC3	0.991095079161917
HMGB1	0.962071427323387
MPHOSPH8	3.32035864216463e-05
TPTE2P6	0.947335557826989
ANKRD20A9P	0.425791716603096
CALM2P3	0.219407355593487
LINC00598	0.607515288767214
_ENSG00000223576	0.0230457090664026
LINC00571	0.307327488163195
PARP4P2	0.504041301712958
LINC00457	0.229976585185469
RPS7P10	0.98999010661361
PSPC1P1	0.917527680662566
FAM207BP	0.740098411144003
EEF1DP3	0.835012384991416
_ENSG00000230490	0.276116868662963
FTH1P7	0.607371172647286
RPL34P27	0.369647602289817
MRPS31P2	0.144637872852466
LINC00327	0.0681700706365031
MIPEPP3	0.185911040453841
CYP51A1P2	0.634929043482197
STARD13-AS	0.50999001660928
ANKRD26P3	0.29280227211569
FRY-AS1	0.73835742740828
N4BP2L2	0.764105133413113
PLUT	0.342650322239185
TPTE2P1	0.225009765375503
LINC00621	0.345654953589252
_ENSG00000270008	0.342650322239185
LINC02343	0.0924210953746642
_ENSG00000273507	0.29465452340366
LINC02340	0.0132540504378692
_ENSG00000276476	0.559468448299846
_ENSG00000278291	0.670448080639097
_ENSG00000278390	0.942895904464756
MYCBP2	0.678751615630701
FBXL3	0.684341956711881
CPB2	0.892460182613431
DIS3	0.323749851034229
PIBF1	0.427177654662498
TDRD3	0.00901957019758435
NUFIP1	0.803150377905488
RUBCNL	0.818161733732456
HTR2A	0.274286425260908
NDFIP2	0.064664898794714
FNDC3A	0.270850478935403
CDADC1	0.958715234034364
CAB39L	0.435445771045967
KLF5	0.368273735350703
KPNA3	0.184597468058028
INTS6	0.0844054499841885
DHRS12	0.229964438342199
TSC22D1	0.858631704035525
CLN5	0.83996777169316
KLF12	0.347986173666975
UCHL3	0.941897840424846
PCDH17	0.495479971293611
SPRYD7	0.854597520820666
EBPL	0.769900864183593
ATP7B	0.636010757328466
ZC3H13	0.0344533326355163
GUCY1B2	0.077974598829448
TPT1	0.165663489996423
GPALPP1	0.901861335241668
NEK3	0.96864604116733
PCDH8	0.921678696395676
VPS36	0.565296500643871
RNASEH2B	0.870813289162406
CKAP2	0.772072747144532
CNMD	0.317294132969865
TBC1D4	0.787268714056819
THSD1	0.362608771502161
BORA	0.608280459267516
LRCH1	0.921431399283044
SUCLA2	0.926972700034542
RCBTB1	0.512658258337065
MED4	0.815486961936152
PHF11	0.787404836456694
COG3	0.594752369614879
LMO7	0.645699042575058
ITM2B	0.137870673918726
SPRY2	0.00204203771324443
NUDT15	0.633963534131459
EDNRB	0.362070199966356
RCBTB2	0.0930195986251514
LCP1	0.900011747894475
SETDB2	0.422837079957068
WDFY2	0.67952419509363
HNRNPA1L2	0.392177909068904
LPAR6	0.449803573734592
ESD	0.231159788817251
RB1	0.809898780266114
DIAPH3	0.746980433827316
SLAIN1	0.27280025244164
RBM26	0.0595944908975228
KLHL1	0.921817571170765
FAM124A	0.293958845178808
CCDC122	0.802121786147759
SERP2	0.0283648084621536
OBI1	0.262972960492834
CYSLTR2	0.941897840424846
SUGT1	0.326682761557862
TPT1-AS1	0.054294324028067
LRRC63	0.0107734537544373
SLC25A30	0.95016890272157
DLEU1	0.594233094535006
SLITRK1	0.858005233860327
KCTD12	0.570426050627416
KCTD4	0.918209685830619
PCDH9	8.64538666075931e-27
DLEU7	0.0497794149711635
COMMD6	0.0876260082840802
GTF2F2	0.63748620793534
NEK5	0.967136179710154
MZT1	0.597176234083351
TRIM13	0.20204109895963
PTMAP5	0.00180375232426064
SIAH3	0.573875416407613
RAD17P2	0.344937388829715
_ENSG00000223732	0.642867012678597
LINC00393	0.127109312268591
PSME2P2	0.00935445918908469
PCDH9-AS3	0.424212455261094
_ENSG00000225727	0.247259745634029
LINC00381	0.488208148287479
LINC00351	0.00984093703039682
LINC00390	0.504041301712958
SMIM2-AS1	0.463846905429708
RBM26-AS1	0.64163774559977
SUCLA2-AS1	0.625839017290262
PCDH9-AS2	0.647639175562873
DLEU2	0.0645690105168511
RNASEH2B-AS1	0.573331567760901
PCDH9-AS4	0.891229376946661
NAP1L4P3	0.884195188280769
OBI1-AS1	0.34442772925399
PCDH9-AS1	0.351496691747165
CPB2-AS1	0.1183060071062
COX7CP1	0.0532213827231312
FABP5P2	0.114083466907126
MYCBP2-AS1	0.230533230056369
INTS6-AS1	0.752464377405707
LINC00407	0.822120242571926
SERPINE3	0.487327661942389
ALG11	0.792931076664123
UTP14C	0.289616607072547
LINC00562	0.342650322239185
LMO7-AS1	0.020424643774206
_ENSG00000261553	0.64701197506561
_ENSG00000273723	0.883715091834213
_ENSG00000273784	0.106246112265057
_ENSG00000273919	0.342650322239185
_ENSG00000276527	0.179303947260563
DACH1	0.781110106322227
_ENSG00000277228	0.651759655264101
LINC02338	0.942864538802018
TSC22D1-AS1	0.899456112186753
_ENSG00000278238	0.504674702391583
LINC02335	0.899456112186753
PCDH20	
TMEM272	0.130899108018987
_ENSG00000281167	0.0440262455366584
MYO16	0.0236769653823528
ZIC2	0.182459024090516
IPO5	0.268101576536493
ATP11A	0.0521752056049338
DCT	0.0195037472322121
SLC15A1	0.505308522423654
DOCK9	0.0304108000171164
ANKRD10	0.371987724750369
TGDS	0.998421957581627
OSGEP	0.302012873995139
CCNB1IP1	0.634819460371902
APEX1	0.229927860272977
NALCN	0.241992720263504
FGF14	0.51959424967984
TNFSF13B	0.786035365751674
STK24	0.33729275717195
DNAJC3	0.449709624381874
UGGT2	0.265488392501316
ARHGEF7	0.157146079883976
CLYBL	0.649885433581928
TMTC4	0.176765566844518
RAP2A	0.663072141232328
ABCC4	0.639086227788552
EFNB2	0.806706389387599
TM9SF2	0.529638184153669
TUBGCP3	0.183309381246925
MCF2L	0.418198081026444
F10	0.870745933477468
PCID2	0.0697411188896274
PARP2	0.455349461566556
TEP1	0.397773958325704
CDC16	0.529315576796553
COL4A2	0.412705624361974
CLDN10	0.362783197479353
DZIP1	0.45302863624561
UBAC2	0.810060604310478
ARGLU1	0.00730282589782306
BIVM	0.468031061366897
ERCC5	0.142175009571598
TPP2	0.98145685284429
POGLUT2	0.572917554686531
CARS2	0.212348227933115
TTC5	0.416937205345779
MBNL2	0.771835926127754
ABHD13	0.788044593041194
RAB20	0.95109925685877
GRTP1	0.519112748382305
CUL4A	0.578520284804069
DCUN1D2	0.559436545096887
TMCO3	0.796347137794665
TEX30	0.857766595216948
GPR180	0.555682061706165
FARP1	0.835477115857579
ING1	0.860542519824485
TEX29	0.640369593172318
ADPRHL1	0.0664195808720947
SLITRK5	0.51711434225765
PIP4P1	0.0653813146445759
UPF3A	0.686268897762532
LIG4	0.0720443539886164
PCCA	0.800941828437026
GPC5	0.000524551200740858
RNASE10	0.300993493851425
SOX1	0.853265985494051
GAS6	0.890338052905936
GPC6	0.126963306585036
HS6ST3	0.700971945940162
LAMP1	0.676872496181503
IRS2	0.0604272899236484
RASA3_ENSG00000185989	0.0865581531204987
COL4A1	0.649045836409656
TFDP1	0.52029915409883
ITGBL1	0.230600401718832
CHAMP1	0.77593827529175
FAM155A	0.295889104905988
NAXD	0.127267714449928
CLDN10-AS1	0.570436460239866
DUXAP9	0.917527680662566
LINC00343	0.625839017290262
MIR4500HG	0.301851298166291
LINC00443	0.179303947260563
NALCN-AS1	0.202774629484614
GAS6-AS1	0.0222352349371383
FGF14-AS1	0.342650322239185
MYO16-AS1	0.29280227211569
_ENSG00000244306	0.392851226455996
DNAJC3-DT	0.870140391676367
METTL21EP	0.624907908229873
BIVM-ERCC5	0.136574094727748
_ENSG00000270725	0.0681700706365031
PCCA-DT	0.244229300951304
_ENSG00000275741	0.345296052371122
_ENSG00000275830	0.269690296688281
PSME1	0.0114408869520399
PPP2R3C	0.0103325409987919
JPH4	0.000846082582801047
SLC7A8	0.330132892309696
SLC22A17	0.0269686690661388
SCFD1	0.417865351209814
G2E3	0.00197064923566556
HECTD1	0.610623102717546
HNRNPC	0.764331367845351
RPGRIP1	0.0623370400243362
SUPT16H	0.207895066560661
TOX4	0.498776962811805
TINF2	0.647007318377501
KHNYN	0.35672521747694
SDR39U1	0.825628139049525
RBM23	0.333221657830665
PRMT5	0.653903431401236
COCH	0.213080177288352
AP4S1	0.358929345207316
C14orf93	0.833571503026153
PSMB5	0.0465806119082762
ACIN1	0.0221491948588494
PABPN1	0.154915134103383
EFS	0.100779699734376
ARHGAP5	0.166562031142023
SRP54	0.952557404225952
CPNE6	0.042136952126373
CHD8	0.307179669604837
DCAF11	0.574574457467232
NFKBIA	0.348902494379317
EMC9	0.881804258733386
PSME2	0.0379806327252571
REC8	0.203014074462905
GMPR2	0.508039007326514
RABGGTA	0.923200988417853
NFATC4	0.0584284684278095
NGDN	0.25794901481606
ADCY4	0.29280227211569
RAB2B	0.0249496687662379
HEATR5A	0.163348995688961
SNX6	0.732857447614791
EAPP	0.00651096655214972
EGLN3	0.466336477913789
NRL	0.0218341504038073
RNASE1	0.117765626271516
DAD1	0.0427127675891172
ZFHX2	0.738459802890456
CDH24	0.919096430356984
NOVA1	0.612898061844817
AKAP6	0.680047538922848
NPAS3	1.62371498332449e-13
FAM177A1	0.31715994955129
NUBPL	0.455390586304811
OXA1L	0.265232407444303
SLC7A7	0.228866795938034
ZFHX2-AS1	0.994793795198303
DHRS4	0.496655566645404
DHRS1	0.641086343972489
CFL2	0.516670205235524
METTL17	0.208286805897989
NDRG2	1.20282562196694e-07
ARHGEF40	0.0214675340384838
ZNF219	0.645037117575894
METTL3	0.826106970111576
SALL2	0.752095882119131
CMTM5	0.530664693762755
STXBP6	0.316880997853772
MRPL52	0.418929244892227
RALGAPA1	0.209489966541065
FOXG1	0.713848648229113
C14orf119	0.508859325475086
PRKD1	0.763230433110133
CARMIL3	0.511082466660544
LINC01551	0.851947127596355
DHRS4L2	0.205704782018016
STRN3	0.141294683119945
LRP10	0.780896626073232
BNIP3P1	0.900011747894475
BAZ1A	0.561589418721572
_ENSG00000203546	0.883710738447423
NYNRIN	0.857766595216948
AP1G2	0.690349118144586
DHRS4-AS1	0.255723414662908
HOMEZ	0.730907973875871
RNF212B	0.192625707809645
PPP1R3E	0.589817814675679
_ENSG00000248975	
_ENSG00000250365	0.480168019406864
_ENSG00000254692	0.967573938918609
FOXG1-AS1	0.751384447103889
_ENSG00000257285	0.940764186376182
_ENSG00000257522	0.268820788319823
G2E3-AS1	0.88659630496676
LINC02281	0.901123166061073
_ENSG00000257831	0.871174438799953
LINC02588	0.998264153594377
LINC02306	0.0544274285726883
LINC02327	0.737777397021141
_ENSG00000258081	0.65036643038584
_ENSG00000258107	0.101584359701144
LINC02300	0.449106430407254
LINC00641	0.912651270388642
_ENSG00000258458	0.167412113240808
_ENSG00000258525	0.179303947260563
_ENSG00000258558	0.0351495450235954
_ENSG00000258580	0.327674544171438
BCL2L2-PABPN1	0.649546383479531
ARHGAP5-AS1	0.727157457706614
_ENSG00000258657	0.346641743387181
SRP54-AS1	0.140331437490094
_ENSG00000258727	0.808681649377684
_ENSG00000258932	0.431683338622702
_ENSG00000258938	0.4677488540512
_ENSG00000259132	0.479097147759851
TRAC	0.738937606760991
MAP4K5	0.790797550002121
MNAT1	0.609391805832575
SAMD4A	0.460126597223639
SNAPC1	0.675118109456369
PRKCH	0.480435935983374
ARID4A	0.215867837406121
JKAMP	0.50698616466832
AP5M1	0.139596771150302
SYNE2	0.949880555412769
TMEM260	0.561155434828837
EXOC5	0.170364712463842
FERMT2	0.0337460260881037
L2HGDH	0.577153886411143
TXNDC16	0.847768168594002
RTRAF	0.703406060788345
NID2	0.219407355593487
ZBTB25	0.764337480584067
GEMIN2	0.309011946127246
FKBP3	0.187590295950892
POLE2	0.777665909506347
VCPKMT	0.640815226658386
SOS2	0.864930452209343
CDKL1	0.0122716602761384
NIN	0.501531607358151
PYGL	0.560850591058837
TRIM9	0.0817379504780549
PSMC6	0.0951358393015967
GNPNAT1	0.281798990917323
DDHD1	0.667867489012099
CDKN3	0.919573876223222
CNIH1	0.595133408856015
CGRRF1	0.520439802914069
PSMA3	0.401581091002311
TIMM9	0.00807298892061467
KIAA0586	0.116681611886124
DAAM1	0.0952468963608362
DHRS7	0.618250231194736
PPM1A	0.726327546705823
SIX4	0.489089491859393
HIF1A	0.272180016846999
MTHFD1	0.486177624129102
BRMS1L	0.0575654357202045
SEC23A	0.67780868069978
PNN	0.647858671423177
DMAC2L	0.355550894834819
PCNX4	0.64795798076799
ATG14	0.396107383135384
KTN1	0.32899948782231
RHOJ	0.67408894368697
DLGAP5	0.269493119016605
L3HYPDH	0.296691594389833
HSPA2	0.911400904359332
ZBTB1	0.58302489511771
TRMT5	0.385907090837191
SGPP1	0.0669274669471117
MIS18BP1	0.120806489064887
LRRC9	0.832351380379678
ACTR10	0.505736911254583
ABHD12B	0.450298395065956
GCH1	0.499041351903805
LGALS3	0.962157795503985
TTC6	0.638035539260901
SSTR1	0.636093230138664
MDGA2	0.0106087176720835
TMX1	0.965973793567748
FRMD6	0.125614632816408
PELI2	0.435310474941293
RTN1	0.0794875886833731
ARMH4	0.271124648596454
SYT16	0.34767823947174
SLC38A6	0.113717228622073
NAA30	0.431392073148211
WDR89	0.598302343477638
ESR2	0.0152531373682204
KCNH5	0.15693502924452
MIA2	0.073453723733125
MBIP	0.985226621095805
MIPOL1	0.545814578377358
SAV1	0.300543854041062
SLC35F4	0.180531111932977
CCDC175	0.884675327256023
PPP2R5E	0.928472764922467
FBXO33	0.837345331188691
LRFN5	0.266066314423339
RPL36AL	0.000947839978203497
DNAAF2	0.986335522456381
KLHDC2	0.533031165435078
NEMF	0.147943616893088
ARF6	0.076965809451436
DACT1	0.0351495450235954
PPP1R36	0.279805476073475
MAPK1IP1L	0.943447982250558
MGAT2	0.573875416407613
CLEC14A	0.342650322239185
FBXO34	0.0385905499129351
C14orf39	0.394537582414807
KLHL28	0.187054471409204
C14orf28	0.0288240127278505
AKAP5	0.759629561746439
SOCS4	0.526546196559846
GPR137C	0.09311358622458
GPR135	0.640712682948951
TRAPPC6B	0.0201033734539679
TBPL2	0.64924593661462
SLC25A21	0.421626983181069
PRPF39	0.294641296509719
LINC00643	0.867319267116883
GNG2	0.610537372523151
KTN1-AS1	0.695805942785467
FANCM	0.896803564428196
GMFB	0.688320733269778
KLHDC1	0.338825864374629
ERO1A	0.0409018041447473
STYX	0.500085220800434
ATL1	0.994875381179373
WDHD1	0.476577183659542
TOGARAM1	0.626179274867102
_ENSG00000213598	0.0328516886264992
RPS29	0.326919924626523
_ENSG00000237356	0.0525536566608392
OTX2-AS1	0.0559534773368022
LINC00609	0.341464074661096
_ENSG00000258342	0.395944185887154
_ENSG00000258378	0.127384532478708
_ENSG00000258394	0.57335185203678
_ENSG00000258400	0.316979681126632
_ENSG00000258414	
RBM8B	0.85507942419512
_ENSG00000258455	0.850183805458913
LINC02277	0.504041301712958
_ENSG00000258526	0.0416089168188885
_ENSG00000258535	0.574574457467232
FRMD6-AS2	0.952294326886126
_ENSG00000258553	0.744790362809515
LINC01500	0.505308522423654
_ENSG00000258592	0.369647602289817
DNAJC19P9	0.34429083166318
_ENSG00000258636	0.395846344840669
HSPE1P2	0.595415000027585
_ENSG00000258658	0.369189293096344
HIF1A-AS3	0.00511203430929193
_ENSG00000258696	
_ENSG00000258698	0.942864538802018
LINC00871	0.284848281308551
_ENSG00000258731	0.0999054347185755
_ENSG00000258751	0.345654953589252
_ENSG00000258757	0.0422607824841435
_ENSG00000258776	0.144215001727512
_ENSG00000258782	0.128497230852525
_ENSG00000258784	0.136574094727748
_ENSG00000258824	0.639615281790843
_ENSG00000258844	0.576993535977232
_ENSG00000258892	0.918209685830619
_ENSG00000258903	0.29280227211569
_ENSG00000258949	0.344937388829715
LINC02307	0.328785697396683
_ENSG00000259048	0.813580821137355
LINC00639	0.588388136413759
_ENSG00000259071	0.917527680662566
_ENSG00000259072	0.29280227211569
_ENSG00000259076	0.941897840424846
PTCSC3	0.189838682394825
_ENSG00000259116	0.873746260558732
_ENSG00000259133	0.344937388829715
_ENSG00000259868	0.0789791012397195
_ENSG00000259969	0.808752078262719
_ENSG00000271180	0.571676367409777
FRMD6-AS1	0.345654953589252
RN7SL2	0.0707160838942687
_ENSG00000278002	0.892870508889114
MAP3K9	0.783947587543098
POMT2	0.400789753905449
ANGEL1	0.110292707353344
CCDC88C	0.0557796169867815
NRXN3	0.00295569940894203
SLC39A9	0.72986031233198
FUT8	0.298287789657145
TDP1	0.0429160550492425
_ENSG00000042317	0.260156405066674
FOXN3	0.89672484342615
PLEKHH1	0.323187787450934
GALC	0.518961466876403
ADCK1	0.335675678521191
SPTB	0.466339226852712
PTPN21	0.452387975057423
VASH1	0.827828078758768
SEL1L	0.9678512029863
RDH11	0.0857293049405285
ACTN1	0.740928125682244
ZFYVE26	0.162607554150639
MPP5	0.89862019017864
PSEN1	0.400890443797406
EXD2	0.0474504129918151
ARG2	0.131329283144056
GPATCH2L	0.012902089371909
KCNK10	0.329667671904258
ATP6V1D	0.088565723637432
PIGH	0.26074062237855
LRRC74A	0.941897840424846
VTI1B	0.781913175174633
GSTZ1	0.84442859409138
TMED8	0.381158377683621
SAMD15	0.607371172647286
AHSA1	0.0113135778479779
ISM2	0.14442631867264
SPTLC2	0.96647925066168
ALKBH1	0.987563855300881
SNW1	0.706011114966534
GALNT16	0.532039060568803
CEP128	0.974837379761573
ERH	0.00266273048477846
SUSD6	0.328495951199164
SRSF5	0.650567236409784
SLC10A1	0.247728656314637
SLC8A3	0.0764642353021932
ZC3H14	0.0830871684434642
PCNX1	0.162020807522275
PSMC1	0.775001766914765
PAPLN	0.309881064739947
RPS6KA5	0.473660843452869
PPP4R3A	0.620263154712531
YLPM1	0.17724196227113
DCAF4	0.326806853052235
FCF1	0.72072114867112
BBOF1	0.316942998586078
NEK9	0.558049663193675
ACYP1	0.674429817076988
IFT43	0.0743788105672202
NPC2	0.0515202359685939
DNAL1	0.738462861860226
IRF2BPL	0.118958773561141
ACOT2	0.0546902206600919
LTBP2	0.118420318902736
AREL1	0.773064987941147
MLH3	0.0897449661222997
TTLL5	0.195607082502926
ABCD4	0.0920775101254065
DLST	0.704742747286561
TGFB3	0.140099001858948
ZC2HC1C	0.924093266864402
SLIRP	0.229350412003686
RBM25	0.0872376476401676
ALDH6A1	0.263105980066246
GPR68	0.489089491859393
ESRRB	0.22667383434548
EIF2B2	0.817028149034608
NRDE2	0.0513489321247181
COQ6	0.302922618460403
MAX	0.537779184444565
CHURC1-FNTB	0.520815960052131
PLEKHG3	0.289070164137287
ERG28	0.236792803706228
DGLUCY	0.0362630530572474
NUMB	0.841208294664122
CATSPERB_ENSG00000133962	0.0930257093953172
VRTN	0.247259745634029
TTC9	0.95993210435446
MED6	0.177578532826251
EIF2S1	0.138498503684482
RDH12	0.29280227211569
DCAF5	0.921812020819339
RAB15	0.340775465032248
STON2	0.00737668163951523
JDP2	0.484370876862284
VIPAS39	0.495467767964497
KCNK13	0.129364242736457
ELMSAN1	0.437487741201715
FAM161B	0.39776374750586
TSHR	0.77750323981576
GTF2A1	0.867438742004299
EML5	0.423769435672439
TTC8	0.175766680313515
TMEM63C	0.377299009055439
NGB	0.344937388829715
NOXRED1	0.860542519824485
ZFYVE1	0.126535639164936
ISCA2	0.489100319699613
TTC7B	0.159048924695003
FOS	6.40122704538396e-22
TMED10	0.187238943655357
RIOX1	0.203005178945075
GPHN	0.108567513643566
FAM71D	0.861714061250312
PLEKHD1	0.202774629484614
PNMA1	0.00892645436359808
ZDHHC22	0.598272162416919
ACOT4	0.504041301712958
RAD51B	0.619589090899898
RGS6	0.41379320134442
SYNDIG1L	0.342650322239185
FLRT2	0.122270217947581
ZFP36L1	8.18915249871039e-17
ENTPD5	0.829807394708836
HEATR4	0.842919123430729
SIPA1L1	0.505589564667754
C14orf178	0.1292194260861
TMEM229B	0.0511442155750551
RPS6KL1	0.25105251781138
CALM1	3.37731628469954e-07
SMOC1	0.91095050599352
_ENSG00000205562	0.269865965127032
LIN52	0.728221134426003
ACOT6	0.192335550848044
DPF3	0.777426392407325
DIO2	0.673343183218476
_ENSG00000213315	0.247025523512695
YBX1P1	0.11827699332087
RPL22P2	0.99637340094246
RPL7AP6	0.00824093070000184
_ENSG00000242951	0.729051948214447
LINC02288	0.625136362550862
_ENSG00000251393	0.488208148287479
FNTB	0.838377186666369
_ENSG00000257759	0.737077388866048
CHURC1	0.182317042236093
VASH1-AS1	0.278549038262673
_ENSG00000258380	0.0331481441482742
_ENSG00000258416	0.0386159871350811
_ENSG00000258422	0.625839017290262
_ENSG00000258424	0.368731337428235
_ENSG00000258473	0.393188147716319
_ENSG00000258520	0.270463044630098
_ENSG00000258561	0.939913927495707
_ENSG00000258569	0.0366965950323241
_ENSG00000258603	0.965836890801373
_ENSG00000258637	0.606896310809811
SYNJ2BP-COX16	0.504674702391583
_ENSG00000258646	0.857766595216948
_ENSG00000258695	0.00820903050046161
LINC02328	0.0528582580631843
_ENSG00000258740	0.018478540590437
LINC02301	0.345654953589252
_ENSG00000258760	0.648286141083448
DIO2-AS1	0.208368442779143
_ENSG00000258807	0.942864538802018
_ENSG00000258847	0.0351495450235954
LINC02296	0.569061523555451
_ENSG00000258891	0.265427847810208
_ENSG00000258902	0.342650322239185
_ENSG00000258957	0.00200309366392866
_ENSG00000259035	0.247025523512695
_ENSG00000259053	0.530312779130033
_ENSG00000259103	0.46549459318642
_ENSG00000259106	0.204037553427139
_ENSG00000259118	0.326806853052235
_ENSG00000259124	0.571507788869741
_ENSG00000259138	0.625314003305536
_ENSG00000259146	0.727668820968834
_ENSG00000259153	0.489089491859393
_ENSG00000273729	0.606008381544219
BTBD7_ENSG00000011114	0.34476195482106
UBR7_ENSG00000012963	0.140107411854167
ZNF839	0.357815923984951
CYP46A1	0.0194261566350326
ATXN3	0.735341502419233
GOLGA5	0.514789251168596
EML1	0.862898064665612
ATG2B	0.0104693128914541
MARK3	0.630527977346354
PPP2R5C	0.8228350067146
MOK	0.457993659071915
HSP90AA1	5.85854095090403e-05
PPP1R13B	0.193491945151769
OTUB2_ENSG00000089723	0.136574094727748
DDX24_ENSG00000089737	2.21314891574557e-05
RCOR1	0.585688140556557
PAPOLA	0.553864450763283
CCNK	0.588103835447509
CEP170B	0.0859435587424719
_ENSG00000100599	0.809683855013388
LGMN	0.969169756101707
CHGA_ENSG00000100604	0.274872895385158
ITPK1_ENSG00000100605	0.401523606395259
ASB2_ENSG00000100628	0.625136362550862
EIF5	0.221983741026963
DICER1	0.984467970557353
ZFYVE21	0.267474230065522
GSKIP	0.845582585879768
VRK1	0.26668968085718
YY1	0.304573326406361
TRIP11	0.162764765157862
CINP	0.0495801741349816
IFI27L2_ENSG00000119632	0.0223773553047054
PPP4R4_ENSG00000119698	0.24189377878966
KLC1	0.0233385606712099
XRCC3	0.826333272639504
BCL11B	0.481508441912611
TRAF3	0.483967098910895
UNC79_ENSG00000133958	0.0818211357056577
AK7	0.1181338038289
SLC24A4	0.245066634409422
FBLN5	0.684716615617189
CLBA1	0.480704049103187
WARS1	0.862654596761887
WDR20	0.436961145456319
AKT1	0.850456060158017
ANKRD9	0.99818124268981
ATP5MPL	2.17846019943249e-06
TDRD9	0.42387022134417
TC2N_ENSG00000165929	0.345654953589252
CPSF2	0.650747653890236
MOAP1_ENSG00000165943	0.162865574408161
IFI27L1_ENSG00000165948	0.391861933298791
IFI27_ENSG00000165949	0.801065934398509
CLMN	0.873555928386245
CKB	0.389029413642098
TRMT61A	0.415322093155604
BAG5	0.945007479212852
DEGS2	0.643006140256606
GON7_ENSG00000170270	0.424843748412504
CDCA4	0.919573876223222
PRIMA1_ENSG00000175785	0.6898360276416
SYNE3	0.0430947272088535
WDR25	0.887434169703688
PACS2	0.769233906263463
HHIPL1	0.255685895537302
GLRX5	0.386775143600229
CRIP2	0.872485724302661
MTA1	0.668122816643227
BEGAIN	0.109224099318829
GPR132	0.62443404830482
SETD3	0.097807925958607
NDUFB1	0.0203278130202696
BTBD6	0.317483339088289
JAG2	0.106830980602044
TMEM121	0.562349967885223
SIVA1	0.100029944773892
BRF1	0.0129370045331392
TNFAIP2	0.50210676829564
TEDC1	0.328125221297871
AHNAK2	0.140008603160633
EVL	0.0509714156595359
TECPR2	0.00442932843120013
DYNC1H1	0.268703462795396
SLC25A29	0.846184586071927
CDC42BPB	0.0388759693730148
INF2	0.144709027769413
CCDC85C	0.626140850742191
IGHG1_ENSG00000211896	0.380291071958983
MEG3	0.163477885419022
MEG9	
MEG8	0.16729453766891
TEX22	0.344331701970317
C14orf132	0.556878002117115
RPL3P4	1.89208672226625e-05
DICER1-AS1	0.0983818177602179
_ENSG00000241494	0.279730481552451
LINC01550	0.985351117686965
_ENSG00000246451	0.572828514272951
SNHG10	0.650611697010323
_ENSG00000247970	0.407034971702028
TUNAR	0.344578962984235
_ENSG00000251602	0.572828514272951
_ENSG00000258399	0.768063635723908
LINC02320	0.248198189085803
_ENSG00000258497	0.0924210953746642
_ENSG00000258534	0.179303947260563
_ENSG00000258560	0.269120626528756
_ENSG00000258663	0.647351976050958
_ENSG00000258666	0.471141558421941
_ENSG00000258702	0.603740109307313
_ENSG00000258851	0.62443404830482
LINC02691	0.488208148287479
_ENSG00000258959	0.809185336705294
_ENSG00000258982	0.27298495213182
TMEM179_ENSG00000258986	0.497329072216408
_ENSG00000259066	0.851026803445116
_ENSG00000259088	0.48864871297649
_ENSG00000259515	0.625720212127162
_ENSG00000279140	0.114741082097401
OCA2_ENSG00000104044	0.22858853073951
UBE3A	0.765861576222468
HERC2_ENSG00000128731	0.0536139383632673
SNRPN	0.172164471002023
NIPA2	0.280488585717962
GABRB3	0.90319957306024
NIPA1	0.629145068020804
MKRN3	0.335505886609379
HERC2P3	0.0440784801762602
GABRG3	0.290098910860183
NDN	0.132217019591707
GABRA5	0.0445075225535753
LINC02346	0.574923224124175
ATP10A	0.226290040291656
SNHG14	0.62909482574807
LINC02248	0.941897840424846
LINC02250	0.626126534592971
_ENSG00000237161	0.731474541740033
RPL5P1	0.892870508889114
_ENSG00000247765	0.886115997615463
MAGEL2	0.342650322239185
_ENSG00000258410	0.342650322239185
NBEAP1	0.942864538802018
_ENSG00000258628	0.268748487602895
_ENSG00000259168	0.504041301712958
_ENSG00000259425	0.342650322239185
PWRN1	0.841295261527592
PWRN4	0.369189293096344
_ENSG00000260409	0.90056743260908
CYFIP1_ENSG00000273749	0.212834067392096
_ENSG00000274253	0.734246500702852
_ENSG00000274471	0.518319052063177
TUBGCP5_ENSG00000275835	0.924445423794044
WHAMMP3	0.847780357663637
HERC2P2_ENSG00000276550	0.980070905930209
AQR	0.556704335643549
APBA2_ENSG00000034053	0.529719589512613
RAD51	0.572828514272951
LTK	0.179303947260563
TP53BP1	0.908157431479473
TYRO3	0.392662384738784
WDR76	0.62443404830482
SNAP23	0.148359594190989
RPAP1	0.0288341484791529
EHD4	0.504320021210131
TMEM87A	0.300309404936707
ZNF106	0.352171075587438
FAM189A1_ENSG00000104059	0.0446683135495049
TJP1_ENSG00000104067	0.551027699648246
DNAJC17	0.883590750865931
EIF3J	0.00191558714221319
SPG11	0.592610719652844
VPS18	0.24223250566747
OIP5	0.626939520049505
EMC4	0.424795604145477
EIF2AK4	0.332303373790289
TTBK2	0.729525286079698
CCDC32	0.96977252455894
INO80	0.0696674523113759
IVD	0.535238356646683
KNSTRN	0.117705051129108
CHAC1	0.29280227211569
MEIS2	0.731300501189521
DPH6	0.0267025135442663
KATNBL1	0.621408555403895
EMC7	0.0410241115872156
TRPM1_ENSG00000134160	0.395208453357103
CTDSPL2	0.020053656007258
THBS1	0.918891751183636
MAPKBP1	0.487021454173522
NUSAP1	0.806164405735082
NDUFAF1	0.757373203077077
KNL1	0.606008381544219
HAUS2	0.475445703500526
RTF1	0.00814555866777128
TUBGCP4	0.496596197097248
RMDN3	0.253150327879025
ITPKA	0.343625468780052
PLCB2	0.316979681126632
TMEM62	0.590513876067217
SPTBN5	0.181341281041314
GCHFR	0.390497680435658
SLC12A6	0.0870846272781043
MFAP1	0.221036947982196
SORD	0.650619918067086
SERF2	0.000118796862335154
ZSCAN29	0.381335693829307
SRP14	0.00256934924743841
BAHD1	0.106798033019754
DISP2	0.0566575399115249
CDAN1	0.629315422643048
FSIP1	0.673743262572242
BUB1B	0.504674702391583
FAM92A1P1	0.85741991625396
GJD2	0.625136362550862
STARD9	0.149331014631726
UBR1	0.924157220945457
SPRED1	0.804911256199631
GPR176	0.0837335378697785
RPUSD2	0.95016890272157
ZFYVE19	0.414846250946844
SPINT1	0.0681700706365031
CHRFAM7A_ENSG00000166664	
B2M_ENSG00000166710	0.0645270340410502
CASC4	0.144348074558807
CATSPER2	0.639745431055097
VPS39	0.353069133155562
MTMR10_ENSG00000166912	0.991039827326565
SCG5_ENSG00000166922	0.000288316304865608
GREM1_ENSG00000166923	0.732860085701754
CCNDBP1	0.343465693544465
EPB42	0.115636814554668
MAP1A	0.15353579971947
PDIA3	0.712782676402354
PPIP5K1	0.19070087432203
ADAL	0.88618756501719
LCMT2	0.117705051129108
AVEN	0.692472419179541
OTUD7A	0.394097508186845
KLF13_ENSG00000169926	0.971439514192245
FAM98B	0.785244980150836
FRMD5	0.90448780550505
RASGRP1	0.313565643781385
MGA	0.668016403756997
GOLGA8A	0.0194536365511475
CHRNA7	0.495863898161629
LPCAT4	0.650466741448764
EXD1	0.488208148287479
EIF3J-DT	0.860997688261194
LRRC57	0.81024382893033
NOP10	0.186044097535502
PGBD4	0.42312170070121
NUTM1	0.942864538802018
CHRM5	0.237153149053809
TRIM69_ENSG00000185880	0.541473336368307
C15orf41	0.119294723202145
CHP1	0.150628256080792
_ENSG00000187951	0.476959321505342
GOLGA8M_ENSG00000188626	0.874858225946013
ZNF770	0.629692986789489
FAN1_ENSG00000198690	0.475004355566742
RYR3	0.0632353403101521
CATSPER2P1	0.902243483314453
HERC2P9	0.150554097541424
GANC	0.584031482049888
GOLGA8B	0.268507573795678
_ENSG00000215302	0.861323513505499
_ENSG00000215304	0.101839212454548
_ENSG00000223509	0.448511120017446
CSNK1A1P1	0.942864538802018
CKMT1A	0.425475590123141
_ENSG00000229389	0.0780931516889751
GOLGA8N	0.187968611340578
CKMT1B	0.478294845352956
STRC	
RAD51-AS1	0.429784836864705
OIP5-AS1	0.53529487033463
_ENSG00000247728	0.202774629484614
DPH6-DT	0.0467080790478806
WHAMMP2	0.55935315232653
SRP14-AS1	0.13970762339616
FMN1	0.952506626542356
_ENSG00000250007	0.942864538802018
_ENSG00000256802	0.219696043786173
_ENSG00000259287	0.39184151300909
INAFM2	0.392514480229007
_ENSG00000259336	0.262976002254126
_ENSG00000259345	0.94713749285504
_ENSG00000259380	0.810192948357246
_ENSG00000259397	0.28026756009062
_ENSG00000259408	0.808681649377684
_ENSG00000259434	0.794276353770069
LINC02352	0.218830796410528
_ENSG00000259460	0.636183380400136
_ENSG00000259463	0.62443404830482
ANP32AP1	0.810192948357246
INO80-AS1	0.0790900277353618
_ENSG00000259536	0.018478540590437
_ENSG00000259595	0.885159562638774
_ENSG00000259617	0.148641000388547
_ENSG00000259639	0.0676322481491846
HERC2P10	0.0174542562709975
LINC02256	0.615942590517516
_ENSG00000261191	0.918209685830619
PDCD6IPP2	0.00724893838128594
GOLGA6L7	0.29280227211569
_ENSG00000262560	0.0777765950171363
_ENSG00000262728	0.794798745173501
_ENSG00000269930	0.118870131243125
SNX1	0.270456306694483
DAPK2	0.21683784741526
FAM214A	0.22153047328343
RORA	0.129008098731728
NEDD4	0.603181668997418
PIGB	0.737372811677301
MAPK6	0.181652505077809
GNB5	0.0613283196488498
RAB27A	0.619134888296894
CA12	0.393367959396217
DPP8	0.900352586675252
SLC24A1	0.152305533677017
HACD3	0.737369027592302
SLC12A1	0.461949247696215
TIPIN	0.934319629212408
AP4E1	0.973206658412622
PDCD7	0.869214621612948
SPG21	0.719072990794639
TRPM7	0.911248807863488
AQP9	0.136574094727748
LACTB	0.673060771254184
HERC1	0.433038074493929
TRIP4	0.418076044842173
MTFMT	0.484797323163248
IGDCC4	0.701158625962374
RAB11A	0.0340179637760738
CEP152	0.157978320055715
ATP8B4	0.171050593191573
DTWD1	0.609100260072291
GABPB1	0.984903769799197
DMXL2	0.179370762284675
SCG3	0.144830752725337
SLC30A4	0.871151465806971
MYEF2	0.267502973704945
MYO5C	0.650661112303066
CGNL1	0.968731484770623
TMOD2	0.00584745007707348
ICE2	0.959666814761245
ALDH1A2	0.378526484046997
MINDY2	0.8677053416682
DUT	0.978314553729759
ARPP19	0.00521868920942356
VPS13C	0.665380130076953
UNC13C	0.013073732769698
SLTM	0.854365128740606
SMAD6	0.12656026024517
ADAM10	0.79013988067083
DUOX1	0.65101801553679
SLC28A2	0.807674512721039
ZNF280D	0.737513878089811
SEMA6D	0.455998378417531
RSL24D1	0.000268701879105186
MNS1	0.287554417157273
USP8	0.574677221693261
SECISBP2L	0.173292078778629
TMOD3	0.460843340703859
SPPL2A	0.792357528885046
SHF	0.305746037577935
APH1B	0.0351506657926967
INTS14	0.907215923599378
PARP16	0.859235850933824
TCF12	0.620910477270423
LYSMD2	0.346085151513863
SLC27A2	0.218542925246428
FGF7	0.87546155154065
BNIP2	0.886761748680364
GTF2A2	0.158094532291931
TPM1	0.0169704743484306
USP3	0.0590277687424917
TEX9	0.155274833172774
GALK2	0.0594701783224143
RNF111	0.432821336966511
FAM81A	0.00998649766791519
MYO1E	0.0372579287454735
SNX22	0.872031562771394
MEGF11_ENSG00000157890	0.515694810541739
LIPC	0.574399207174012
RAB8B	0.189241543717656
FBN1	0.104666498184542
COPS2	0.900691581241045
FAM227B	0.839274430404971
WDR72	0.392177909068904
PRTG	0.704216262967185
LEO1	0.646770984089197
PPIB	0.176229355299126
CIAO2A	0.938490055762585
RBPMS2	0.462265222691902
ANKDD1A	0.891758942204533
CLPX	0.625964683801284
DIS3L	0.92097109217585
SMAD3	0.00339142734281929
MAP2K1	0.0827101181770697
CSNK1G1	0.583359282738379
USP50	0.450298395065956
PYGO1	0.111505677260862
SPATA5L1	0.537326166621681
GATM	0.457422501958998
TLN2	0.116016608990509
ZWILCH	0.0554448651175399
RPL4	0.0220187814507981
SNAPC5	0.850498715714927
DENND4A	0.19213821987396
IGDCC3	0.0407878057781178
HMGN2P46	0.19254750478774
OAZ2	0.486879309045323
ZNF609	0.40883925891238
RFX7	0.664443061849561
ANXA2	0.893280863844027
TNFAIP8L3	0.250086142693951
RPS27L	0.126251783089121
SHC4	0.886298591590833
GLDN	0.50540391864852
SLC24A5	0.136574094727748
FBXL22	0.0422607824841435
MYO5A	0.697445907261886
_ENSG00000213862	0.269865965127032
RPS3AP6	0.615230407529141
GABPB1-AS1	0.0176527596460034
RORA-AS1	0.541052703764778
UBAP1L	0.306013936635481
_ENSG00000249240	0.0260463042042877
EID1	0.05891285366086
POLR2M	0.88488971406164
_ENSG00000259200	0.860932999665723
_ENSG00000259201	0.326693072763026
_ENSG00000259221	0.941897840424846
MIR4713HG	0.815314152385081
USP3-AS1	0.833365763589562
_ENSG00000259255	0.0493998405712237
_ENSG00000259296	0.94077985641568
_ENSG00000259327	0.871174438799953
_ENSG00000259347	0.721397463214064
_ENSG00000259353	0.269865965127032
_ENSG00000259354	0.625720212127162
_ENSG00000259458	0.342650322239185
LINC02568	0.809689103098638
LINC01169	0.344937388829715
_ENSG00000259481	0.943251736636562
_ENSG00000259488	0.842418847628574
_ENSG00000259519	0.0922202600709313
_ENSG00000259520	0.349215593614465
_ENSG00000259539	0.463807867355943
_ENSG00000259556	0.0681700706365031
CERNA1	0.573875416407613
_ENSG00000259589	0.9985797616614
_ENSG00000259616	0.191019213664168
_ENSG00000259635	0.368731337428235
_ENSG00000259656	0.942864538802018
_ENSG00000259675	0.872460181173155
_ENSG00000259678	0.623690306494899
_ENSG00000259709	0.29280227211569
_ENSG00000259712	0.0999054347185755
_ENSG00000259754	0.738937606760991
_ENSG00000260392	0.516464918302132
_ENSG00000260618	0.136574094727748
CCPG1	0.512607764712948
_ENSG00000261318	0.317294132969865
C15orf65	0.868603978438296
HMGB1P51	0.0999054347185755
_ENSG00000273674	0.448916015408098
_ENSG00000275672	0.467793674887981
PIAS1	0.831681937676555
PSMA4	0.564369506411357
RASGRF1	0.413551890480348
BTBD1	0.612038835411527
MYO9A	0.541303191871548
NEO1	0.160477017844497
STOML1	0.0265793634238366
PKM	0.00356119239276015
ZFAND6	0.466517679239943
AAGAB	0.582022496479274
IQCH	0.752526171231848
CORO2B	0.145732210594488
CSK	0.221303955069665
AP3B2	0.384600435036124
ACSBG1	0.263035808323182
CTSH	0.00452934080479541
CD276	0.987947308384407
FAH	0.284625083835796
CEMIP	0.503010227514019
HOMER2	0.563059746485959
MESD	0.119143696381004
RCN2	0.617436807569899
CHRNB4	0.872031562771394
CLN6	0.144215001727512
ISLR	0.345296052371122
THAP10	0.318238715312251
ABHD17C	0.0700248139548201
IREB2	0.34103607476393
TM6SF1	0.080879088894269
CIB2	0.428643017476013
MAP2K5	0.223806335160808
KIF23	0.342650322239185
ITGA11	0.504674702391583
PARP6	0.725250631193035
RPLP1	0.336010080988146
PAQR5	0.640632872687126
LRRC49	0.0359132481550454
UACA	0.0468961431919953
GLCE	0.537954969879429
PPCDC	0.825997295958857
HCN4	0.941897840424846
SEMA7A	0.974308859557117
UBL7	0.0731049992061574
TLE3	0.879821580458168
ANP32A	0.0796736914698931
COMMD4	0.515547343316842
UBE2Q2	0.123092894735749
ETFA	0.435189924510462
HMG20A	0.118195275934452
SCAPER	0.149815784463122
TSPAN3	0.265589563613398
WDR61	0.136040892562555
NEIL1	0.575946375568454
MAN2C1	0.284347132849308
DNAJA4	0.0455356153301422
TLNRD1	0.768592821844898
BBS4	0.145930464994326
PML	0.143397217058221
_ENSG00000140474	0.985231134724738
CCDC33	0.606462493213343
SCAMP2	0.265176446615111
EFL1	0.842011630561558
SH3GL3	0.690095378350921
CFAP161	0.649899752209801
ADAMTSL3	0.828194785185164
WHAMM	0.127589879583303
NPTN	0.0136345290038938
ADPGK	0.981418960026169
LARP6	0.134193623075051
SENP8	0.831432688088291
ARIH1	0.31938918326017
IDH3A	0.014438289943449
CRABP1	0.900011747894475
HDGFL3	0.819562810536236
TMED3	0.0969876898325168
ISLR2	0.316979681126632
FBXO22	0.624902644323537
TBC1D2B	0.49368362637285
FEM1B	0.832278396840715
MINAR1	0.574574457467232
SNUPN	0.636363250326063
SIN3A	0.0621496917568441
PTPN9	0.228081327329175
C15orf40	0.600594539491496
CHRNA5	0.0999054347185755
NRG4	0.228552589530145
TMEM266	0.520691744259132
LINGO1	0.851747349401319
IL16	0.393862515202034
ARNT2	0.182641369928969
PEAK1	0.886484075541922
CSPG4	0.136574094727748
SNX33	0.282790543237846
GRAMD2A	0.726286580270075
_ENSG00000177699	0.605554422094901
IMP3	0.408131340346581
RPP25	0.465114411071719
COX5A	0.143085354041753
FAM219B	0.877823672848015
MPI	0.41344480809642
EDC3	0.139381003952205
CLK3	0.820628399853985
ARID3B	0.88098110876639
RPS17_ENSG00000182774	0.000525453426332687
REC114	0.625839017290262
MEX3B	0.941897840424846
GOLGA6L4	
MORF4L1	0.673344606411721
FSD2	0.517082580663959
THSD4	0.160406946871789
HYKK	0.0125743705400605
SAXO2	0.74618292345015
TMC3	0.136574094727748
C15orf61	0.117434445336322
GOLGA6L9_ENSG00000197978	0.29941204319523
SCAMP5	0.759537202929193
_ENSG00000203411	
INSYN1	0.8207704832693
_ENSG00000212664	0.234411375997803
CPEB1_ENSG00000214575	0.723804390871585
GOLGA2P7	0.17828001051897
ANKRD34C	0.0573814662367389
_ENSG00000237550	0.00383757453306778
DRAIC	0.800141853254832
DNM1P35	0.179303947260563
UBL7-AS1	0.513690177799382
GOLGA2P10	0.922196808744231
SPESP1	0.556169614220271
_ENSG00000259175	0.505308522423654
ANKRD34C-AS1	0.280961657655668
ACTG1P17	0.845115603307031
LINC00927	0.0999054347185755
EFL1P1	0.504674702391583
CTXND1	0.842817536248161
_ENSG00000259420	0.625839017290262
UBE2Q2P2	0.555105896055726
_ENSG00000259442	0.327163241181419
CPEB1-AS1	0.998264153594377
_ENSG00000259495	0.94421180273202
_ENSG00000259543	0.947335557826989
_ENSG00000259546	0.746378789552377
_ENSG00000259609	0.57335185203678
IQCH-AS1	0.535660920529044
_ENSG00000259692	0.205396334080122
_ENSG00000259805	0.776437450071992
THSD4-AS1	0.244888189607078
_ENSG00000259986	0.248801622269121
_ENSG00000260269	0.420856625373306
_ENSG00000260729	0.064557367146936
_ENSG00000261303	0.606462493213343
TMEM202-AS1	0.336539801218829
_ENSG00000261460	0.333556812772138
_ENSG00000261632	0.282121078380853
_ENSG00000261775	0.822870336677802
_ENSG00000273025	0.918891751183636
ADAMTS7P1	0.0999054347185755
_ENSG00000275645	0.640632872687126
_ENSG00000278013	0.0322937511729533
_ENSG00000278202	0.316351390846194
GOLGA6L10_ENSG00000278662	0.261873897771489
RHBDF1	0.700196543153295
LUC7L	0.0335901304363343
PIGQ	0.277316731248345
MEF2A	0.402422908280969
PDE8A	0.0466715824988563
RGS11	0.0501358269500569
MRPL28	0.29280121981973
HBQ1	0.228338889045502
RAB11FIP3_ENSG00000090565	0.714471340735431
MSLN	0.351039813060892
AXIN1	0.676534625923977
NPRL3	0.58591803295018
MPG	0.769034613846555
NME4	0.120820572871521
CIAO3	0.0846126649169467
CAPN15	0.119372752439246
TTC23	0.343605848862466
WFIKKN1	0.488335025923845
WDR24	0.350656662649917
FBXL16	0.535710910512375
PGAP6	0.339511659005329
METTL26	0.720044692425881
SELENOS	0.00369183241349251
CHSY1	0.145037302031936
SNRPA1	0.124476541343454
ALPK3	0.394889740760668
IGF1R	0.332115552322993
ARRDC4	0.688423774790384
ADAMTS17	0.000271662858599523
LINS1	0.596455257420575
PCSK6	0.272595641325378
RHCG	0.487138987223674
POLG	0.186044097535502
RLBP1	0.454641325564272
FANCI	0.184620486738015
ABHD2	0.684472917436291
WDR93	0.227840177581951
TICRR	0.941897840424846
NTRK3	0.0365795828764513
DET1	0.649899752209801
MFGE8	0.00586550019783643
ZNF710	0.928361502687438
UNC45A	0.518006589523793
ST8SIA2	0.179303947260563
MCTP2	0.950346007459579
FURIN	0.539512172808399
IQGAP1	0.785880166858363
CRTC3	0.413298736791939
SEC11A	0.270802859015642
CERS3	0.857316323613506
LRRK1	0.324633394365127
SLC28A1	0.941897840424846
ACAN	0.342650322239185
AP3S2	0.813580821137355
POLR3K	0.115906706698988
SNRNP25	0.032693290256832
JMJD8	0.00671486764379892
ZNF592	0.0586685347776465
KIF7	0.0487635916928697
PEX11A	0.08034000915102
MESP1	0.137527336211157
ANPEP	0.136574094727748
RCCD1	0.826322844525966
FAM234A	0.7325080274075
LRRC28	0.658277272102873
AKAP13	0.679103764265526
CHD2	0.132223977263231
_ENSG00000173867	0.795304970318004
ZSCAN2	0.920300793946135
SLCO3A1	0.522210198734985
SCAND2P	0.805702596218755
WDR73	0.560567630367164
AEN	0.368731337428235
MRPS11	0.0336925116098899
IDH2	0.317279538332571
RGMA	0.762946630318988
SYNM	0.281280471608403
DNM1P46	0.799382718584629
FES	0.690568539101786
LYSMD4	0.444336286383438
GDPGP1	0.0162115742809443
ASB7	0.136065784975561
KLHL25	0.631190513387349
VPS33B	0.392689609330657
ALDH1A3	0.504674702391583
TM2D3	0.144826891320024
HDDC3	0.0558089894641618
SEMA4B	0.78967984358299
CIB1	0.887423049036104
TARS3	0.387305284899029
FAM174B	0.858860741407739
SV2B	0.771261364282499
NR2F2	0.604193458472038
WASH3P	0.12250116081839
PDIA2	0.0787874724752861
MESP2	0.0229724592536541
HBA2	0.47749328794535
UBE2Q2P1	0.60047840399262
ZNF774	0.142394847746904
MAN2A2	0.238941464743844
BLM	0.703827666836174
RAB40C	0.185707427027022
PRC1	0.856639611884271
HBA1	0.450596666021524
ADAMTS7P4	0.73835742740828
_ENSG00000236829	0.625720212127162
ARHGDIG	0.106966526907663
DECR2_ENSG00000242612	0.799609684712524
NR2F2-AS1	0.182480046934161
LINC01197	0.00702304876006661
LINC01586	0.423897014479813
LINC00923	0.181341153861686
MIR9-3HG	0.068862432597603
_ENSG00000257060	0.555341054050573
_ENSG00000258551	0.573875416407613
_ENSG00000258631	0.224932214182048
PRC1-AS1	0.22757550450476
LINC01579	0.503335718438932
LINC01580	0.0681508206196904
_ENSG00000259172	0.489089491859393
_ENSG00000259199	0.98784953523433
_ENSG00000259244	0.269865965127032
_ENSG00000259275	0.919573876223222
ZNF710-AS1	0.779575235691899
CSPG4P12	0.884195188280769
_ENSG00000259363	0.643462686013823
_ENSG00000259367	0.180692930312614
_ENSG00000259403	
_ENSG00000259407	0.522742223168312
CERS3-AS1	0.018478540590437
_ENSG00000259475	0.991952114965563
LINC02253	0.342650322239185
MRPL46	0.100233710574595
_ENSG00000259560	0.624907908229873
_ENSG00000259579	0.202774629484614
_ENSG00000259583	0.941897840424846
_ENSG00000259620	
DNM1P47	0.860932999665723
LINC02254	0.873317530190521
IDH2-DT	0.424380357123539
_ENSG00000259713	0.270076481117266
CRTC3-AS1	0.383380718256776
_ENSG00000259755	0.79091180487142
_ENSG00000259948	0.0790900198351768
_ENSG00000260123	0.625136362550862
NTRK3-AS1	0.35454953370617
_ENSG00000260661	0.179303947260563
_ENSG00000270127	0.644707889603155
_ENSG00000275016	0.942864538802018
_ENSG00000275120	0.608280459267516
_ENSG00000275443	0.855065664837112
_ENSG00000275674	0.870192841710473
_ENSG00000277654	0.018478540590437
CREBBP	0.538181672009006
SOX8	0.372020696338508
ZNF263	0.0368656620948447
RPUSD1	0.244229300951304
BAIAP3	0.752189331249889
TSR3	0.336712850098156
MMP25	0.179303947260563
PKD1	0.333423162692631
ZNF200	0.426370877539241
ALG1	0.763344909608095
CLEC16A	0.0224932894154476
SNX29	0.229039414578425
FLYWCH1	0.582717457275466
UNKL	0.0818371832594626
HAGH	0.00811222515543282
SLC9A3R2	0.151827209131076
NTHL1	0.425663391911093
METTL22	0.646750631771192
ROGDI	0.248095741269199
MRPS34	0.101838087254299
RBFOX1	9.21049251378046e-05
ZNF213	0.432575878325794
CDIP1_ENSG00000089486	0.236947405214087
TFAP4	0.896975331089556
GNPTG	0.35608058500193
NUBP2	0.361066615847287
TELO2	0.823182636519039
MGRN1	0.463245756414053
NME3	0.432676290581828
HCFC1R1	0.0876587911281595
NAGPA	0.628977991539998
SEC14L5	0.381616027399835
TSC2	0.0524228456281177
ZNF500	0.514614228485052
LMF1	0.0522007307331471
CLCN7	0.948013597518065
NUBP1	0.0456936008149488
UBE2I	0.443452386657748
GSPT1	0.974630416239129
CLUAP1	0.511876828167822
ELOB	0.00209673116942092
CPPED1	0.7589547991072
HMOX2_ENSG00000103415	0.272638636133709
DNAJA3_ENSG00000103423	0.276834060900256
PPL	0.645729545271802
UBN1	0.263456850899011
ZC3H7A	0.516347487278746
ZNF205	0.131981069469814
TRAP1	0.456507547075215
GLIS2_ENSG00000126603	0.9890381951192
GFER	0.137807524863547
SYNGR3	0.830898306111138
CHTF18	0.224535262824504
THOC6	0.849222907050443
TRAF7	0.199010385299971
MAPK8IP3	0.754113106722789
GLYR1	0.0732727412687695
PMM2	0.802936877147844
ZSCAN32	0.951231571438495
RPS2	0.440095523008312
NDUFB10	0.00512792280957893
PDPK1	0.890614784210016
TIGD7	0.425753088506927
CARHSP1	0.43277559036643
TEKT5	0.625136362550862
TXNDC11	0.846612110900627
NMRAL1_ENSG00000153406	0.0976207692258177
UBALD1	0.159278326518328
C16orf89	0.865479518204625
SPSB3	0.0645809140521948
TEDC2	0.606462493213343
CCNF	0.821520284296412
TBC1D24	0.638424299985067
AMDHD2	0.429402081831244
BICDL2	0.136574094727748
PAQR4	0.374932873496907
FLYWCH2	0.573049063627526
ZNF75A	0.857986977793698
ADCY9	0.65437143996181
ATF7IP2	0.799769865550396
TVP23A	0.267750582095423
ZNF598	0.305573276762286
RAB26	0.150888293262187
MLST8	0.140429952114253
E4F1	0.296895467645918
DNASE1L2	0.268820788319823
ECI1	0.969331597431344
CASKIN1	0.650951169816773
ABCA3	0.333336359633779
KCTD5	0.0858313836114096
SRRM2	0.277177308254029
ZNF597	0.317923650062839
NLRC3	0.118517951361648
ANKS3	0.521566493379425
NUDT16L1	0.201019348773729
VASN_ENSG00000168140	0.317535261076302
RSL1D1	0.433623074997381
C16orf91	0.101584359701144
ERCC4	0.109923538416605
RMI2	0.466057585840356
CIITA	0.247728656314637
FAHD1	0.113336660374346
DEXI	0.250875368583544
BRICD5	0.0474467531069336
C16orf72	0.74520363183253
ABAT	0.597712584787874
GRIN2A	0.135381817290982
TBL3	0.251154159517502
NPW	0.395846344840669
PGP	0.208729248365933
SNN	0.00242870762296753
TMEM186	0.229791249489284
SRL	0.62443404830482
IFT140	0.00159811059574735
USP7	0.0987080035432345
SLX4	0.00956325976073768
_ENSG00000188897	0.326806853052235
LITAF	0.0669863468474268
CACNA1H	0.0778561925533489
CCDC154	0.192182409449795
EME2	0.0173294625288726
MSRB1	0.646368303469262
C16orf96	0.326304024126224
SRRM2-AS1	0.273959185713308
RNPS1	0.323750553579664
JPT2	0.348143086649206
EMP2	0.058561296224879
DNASE1	0.544113024478636
_ENSG00000215154	0.310851533469431
TMEM114	0.505308522423654
NPIPB2	0.977157385622758
SHISA9	0.892218236767635
ABCA17P	0.947373670084417
SNHG9	0.580962874444064
_ENSG00000259899	0.574399207174012
_ENSG00000260071	0.570436460239866
SNHG19	0.0239456126219659
_ENSG00000260276	0.505308522423654
_ENSG00000260349	0.0231559641075731
_ENSG00000260378	0.29280227211569
LINC01290	0.739517934774556
ERVK13-1	0.885270410330053
_ENSG00000260778	0.638035539260901
_ENSG00000260989	0.20416079026741
_ENSG00000261216	0.0423267713008955
SUB1P3	0.269883341521432
_ENSG00000261613	0.307327481282565
LINC02177	0.0230824099806689
_ENSG00000261810	0.0681700706365031
MMP25-AS1	0.352140073700915
_ENSG00000262020	0.0390349323380485
CORO7	0.739517934774556
_ENSG00000262267	0.625136362550862
_ENSG00000262312	0.627346182836156
_ENSG00000262482	0.0221141689376245
_ENSG00000262668	0.901123166061073
_ENSG00000262801	0.32599295702083
_ENSG00000263033	0.274178862843575
ZNF213-AS1	0.730331137693546
_ENSG00000263307	0.370168611270551
_ENSG00000266994	0.90056743260908
_ENSG00000267070	0.609008501877856
NAGPA-AS1	0.179303947260563
_ENSG00000272079	0.24609018920946
ENPP7P14	0.600887359085927
_ENSG00000277602	0.26952821487514
NDUFAB1	0.0392114588838252
ACSM3	0.953888617984789
REXO5	0.688554827440086
GDE1	0.352622342139516
CACNG3	0.833469014896803
TMEM159	0.14442631867264
MVP	0.918237238564165
KIAA0556	0.278504260435273
POLR3E	0.440733876543205
THUMPD1	0.82806794720125
NDE1_ENSG00000072864	0.082425619979327
GTF3C1	0.836797054765322
IL4R	0.128930170575099
KIF22	0.864812088126108
PALB2	0.625379382648704
RRN3_ENSG00000085721	0.66094789725388
TNRC6A	0.513581286378422
ABCC6_ENSG00000091262	0.0560173262303663
LYRM1	0.601856049492775
ABCC1_ENSG00000103222	1
NOMO3_ENSG00000103226	0.562049937708088
CRYM	0.0222923320520222
EEF2K	0.940743570438064
UBFD1	0.462004414247919
EARS2	0.407676360956746
GGA2	0.175499626096238
USP31	0.64659322579604
BFAR_ENSG00000103429	0.0661827299404287
RRN3P2	0.620762390832223
QPRT	0.0640622967325817
XYLT1	0.0414851338884538
CDIPT	0.0491870975370645
SYT17	0.242429632351165
TMC5	0.0870775653156362
CCP110	0.216154102123858
VPS35L	0.144336462362629
KNOP1	0.0109978040370214
HS3ST2	0.086719390984508
RBBP6	0.078666084480349
MYH11_ENSG00000133392	0.360335929452172
FOPNL_ENSG00000133393	0.0255535967443903
RPS15A	0.635808043198192
PARN_ENSG00000140694	0.627500981037593
UQCRC2	0.993823873814314
CDR2	0.985782555712067
IGSF6	0.901123166061073
ARHGAP17	0.914721444379292
HIRIP3	0.492424044798613
TAOK2	0.559737470387711
TMEM219	0.876632566758244
ZKSCAN2	0.729051948214447
KDM8	0.634333280566707
PDZD9	0.918891751183636
OTOA	0.607825740129801
NTAN1_ENSG00000157045	0.77832352049239
SMG1	0.510916755370461
DNAH3	0.227010717426081
SLC5A11	0.00782424629581745
PRKCB	0.000297946114612875
BMERB1_ENSG00000166780	0.00235396372865643
MARF1_ENSG00000166783	0.310502541347743
DCTN5	0.97899425020835
PLK1	0.325224450257506
COQ7	0.612705649886963
GPRC5B	0.555399597311694
COG7	0.556773037604936
SCNN1B	0.917527680662566
ATXN2L	0.0828147618988989
XPO6	0.837627904804169
GSG1L	0.762350938293829
NSMCE1	0.519339842110136
NPIPB12	0.368731337428235
NPIPB3	0.560251382720107
TMC7	0.51293950221287
IQCK	0.690333736011793
SEZ6L2	0.00487160027361183
ASPHD1	0.224954984321438
KCTD13	0.618706897553573
VWA3A	0.228296404028002
NUPR1	0.502340374029072
SGF29	0.956611815727492
NFATC2IP	0.641377488895294
RABEP2	0.292836909785483
SH2B1	0.206772056978821
TUFM	0.183616741387285
PDXDC1_ENSG00000179889	0.7458723684608
SMG1P3	0.74720697789275
HS3ST4	0.909789945062839
NPIPA5	0.0411509923497412
SDR42E2	0.346014092464655
EIF3C	0.202544270817834
NOMO2	0.730435957883404
SMG1P4	0.809185336705294
MOSMO	0.69383887006854
NPIPB4	0.662985111591379
MRTFB	0.936821123108843
SBK1	0.279574628341706
NPIPP1	0.396348410660417
CRYM-AS1	
ATP2A1	0.31365378150271
SULT1A1	0.161490944979877
ERI2	0.136048110148578
METTL9	0.178522856056775
SULT1A2	0.3161944333179
IL27	0.942864538802018
_ENSG00000198106	0.649173025895308
SMG1P2	0.610934334963851
EIF3CL	0.144849664408153
LCMT1	0.630747495505243
NPIPA7	0.179303947260563
LINC01567	0.608551687088818
NPIPA3_ENSG00000224712	0.20416079026741
_ENSG00000227827	0.926749029261046
MFSD13B	0.497046042448041
SMG1P1	0.37966651983363
_ENSG00000238045	0.594711168506222
RPL17P40	0.504674702391583
NPIPB5	0.656892156821341
NSMCE1-DT	0.0262862699955317
RRN3P1	0.881581230855761
PKD1P6	0.823169916715118
GAPDHP35	0.392851226455996
NPIPB11	0.135443008702412
SMG1P6	0.218542925246428
OTOAP1	0.29280227211569
_ENSG00000259925	0.29280227211569
_ENSG00000259929	0.504041301712958
LCMT1-AS1	0.24749412322599
_ENSG00000260517	0.778502594397251
_ENSG00000260790	0.425753092243439
_ENSG00000260853	0.269493119016605
_ENSG00000260908	0.267879537616347
_ENSG00000261130	0.574923224124175
_ENSG00000261181	0.179303947260563
_ENSG00000261195	0.637665096818348
_ENSG00000261329	0.638835077714344
_ENSG00000261419	0.86141354899689
_ENSG00000261448	
_ENSG00000261669	0.554648629501213
BOLA2-SMG1P6	0.398404123675329
_ENSG00000261766	0.649083651374018
_ENSG00000261819	0.344937388829715
_ENSG00000261832	0.863276589409013
MIR193BHG	0.62723031331301
_ENSG00000262529	0.855065664837112
_ENSG00000262587	0.117847832809371
_ENSG00000263257	0.489971691754021
ZKSCAN2-DT	0.608280459267516
ITGAL	0.942319522504815
VPS35	0.219439091752858
DNAJA2	0.744482579204867
SRCAP	0.610834092523504
CYLD	0.883605467946546
FUS	0.0902765735509864
YPEL3	0.0141178400675372
ORC6	0.118420318902736
FBXL19	0.378294746986206
STX1B	0.828001615816896
SETD1A	0.772151880378067
BCL7C	0.572418909733035
_ENSG00000102870	0.747724119446805
CORO1A	0.190942490527606
MAPK3	0.34224935425945
PHKB	0.560928593182186
LONP2	0.504638402371629
N4BP1	0.801185723850969
CBLN1	0.0573814662367389
ZNF423	0.4460489060465
STX4	0.167170230049
BCKDK	0.578150626763983
KAT8	0.156066511857856
RNF40	0.961494148055497
ABCC11	0.513382352910379
TENT4B	0.587891640863341
ADCY7	0.487825189006215
ITFG1	0.0733451825138794
CLUHP3	0.478027581265682
ITGAX	0.429131512035999
C16orf58	0.751281099378679
ARMC5	0.637962511023662
MYLK3	0.393862515202034
ABCC12	0.872460181173155
NKD1	0.930206192935512
PPP4C	0.532245704765005
ALDOA	0.00100876779901758
TLCD3B	0.819571142495557
DOC2A	0.107756432696369
C16orf87	0.653388519699561
HEATR3	0.650415590989426
ZNF689	0.396804347354262
PRR14	0.555719377955273
FBRS	0.861516144870753
PHKG2	0.403149110039933
GPT2	0.121109162699969
BRD7	0.944098855670331
ZNF668	0.388179690467662
ZNF646	0.624501927001848
CD2BP2	0.925194197752963
TBC1D10B	0.907404116605373
INO80E	0.334752912940191
ITGAM	0.802060499801402
ZNF768	0.241799225591782
NETO2	0.703371226714939
SHCBP1	0.919573876223222
ZNF843	0.487767797905241
SEPHS2	0.804513263811897
DCTPP1	0.359505691435189
ZNF771	0.204988826470896
ZNF48	0.822853738206537
SEPTIN1	0.830229723414066
MYLPF	0.163993056575038
SMG1P5	0.522127140906577
ZNF267	0.0775756975607967
CCDC189	0.426370877539241
SIAH1	0.314683246991116
ZNF785	0.0939346162856769
ZNF720	0.363617671643431
NPIPB13	0.437561767514262
CNEP1R1	0.816275138915843
ZNF688	0.126468928159173
HERC2P4	0.488208148287479
_ENSG00000235560	0.229171801645165
_ENSG00000239791	0.316037552408282
_ENSG00000250616	0.425791716603096
_ENSG00000255439	0.942864538802018
_ENSG00000259821	0.855515702882921
NDUFA5P11	0.740098411144003
MIR762HG	0.151616813233077
_ENSG00000260086	0.0860923057018822
_ENSG00000260167	0.677871054065373
ITFG1-AS1	0.29280227211569
_ENSG00000260381	0.942864538802018
_ENSG00000260626	0.741259807729393
_ENSG00000260911	0.128490051671671
_ENSG00000261124	0.898900525755339
_ENSG00000261173	0.504674702391583
_ENSG00000261197	0.488208148287479
_ENSG00000261200	0.504674702391583
LINC02133	0.571676367409777
ANKRD26P1	0.218542925246428
_ENSG00000261259	0.179303947260563
LINC02192	0.62443404830482
_ENSG00000261369	0.0999054347185755
_ENSG00000261474	0.115561980768712
_ENSG00000261727	0.0859644871230644
BCLAF1P2	0.016957632683005
CIAPIN1	0.430751145628817
CX3CL1	0.0351594330364115
CDH1	0.846149560175992
RIPOR1	0.488595249579031
HERPUD1	0.072275454651684
CDH3	0.28899407742213
CBFB	0.324845956292978
CNGB1	0.343862824456638
CFAP20	0.00208026377901778
CSNK2A2	0.523256064952644
SLC12A3	0.572305403327207
NFATC3	0.440491135057802
MT3	0.0243879049538099
LPCAT2	0.301851294953002
GNAO1	0.326126764207401
OGFOD1	0.604362896639763
COQ9	0.730531503432075
PDPR	0.849726819026576
AARS1	0.00194806607446835
TRADD	0.465213235706885
HSF4	0.464633877726377
NUTF2	0.114746438236422
NUP93	0.978673207764605
CENPT	0.405721969049687
TSNAXIP1	0.994428192639212
NFAT5	0.0011010950720107
ARL2BP	0.0755512902358765
PLLP	0.824061135599853
CTCF	0.875166815066429
ACD	0.505005080733212
POLR2C	0.00379780425046721
PARD6A	0.648192381633352
MMP15	0.019247452225595
USB1	0.723013832362149
CYB5B	0.990115197901078
CCDC113	0.644375747093472
NDRG4	0.32770650245408
SETD6	0.179077573965134
SLC38A7	0.11285236250858
TANGO6	0.432694919184835
COG4	0.736909853407437
SMPD3	0.18199135682177
SLC7A6OS	0.491208127236233
SLC7A6	0.761590991728442
PLA2G15	0.859401517546135
SALL1	0.882057037890928
TOX3	0.46831336296806
RBL2	0.230123629793376
RPGRIP1L	0.277765412006705
SLC12A4	0.0410986857073872
ENKD1	0.624849641481611
CNOT1	0.796365381200729
LRRC29	0.696146062834132
BBS2	0.0248276284807824
MT1G	0.91392766467787
MT2A	0.26085821175295
C16orf70	0.782113482287461
GOT2	0.0346970394191602
DOK4	0.734246500702852
PRMT7	0.897829071790271
NIP7	0.0869186454450027
TERF2	0.512599390524017
VPS4A	0.877710547475386
DYNC1LI2	0.519646676680533
FHOD1	0.531036140374969
SLC9A5	0.604965672731306
FTO	0.0483145799596274
CPNE2	0.344739398822566
NLRC5	0.293723379485219
KATNB1	0.000981649368763379
KIFC3	0.011121423695863
CMTM3	0.884195188280769
CDH11	0.108985085006107
NOL3	0.988528930167906
UTP4_ENSG00000141076	0.476756304274674
RANBP10	0.0993180586932725
GFOD2	0.865053780071784
NOB1	0.997948545798953
CDH8	0.535998786092086
ST3GAL2	0.236060557428783
FCSK	0.296014556631731
AMFR	0.170142276772428
RSPRY1	0.603633484265887
NAE1	0.556236373377559
ADGRG5	0.62443404830482
DRC7	0.809689103098638
LRRC36	0.390497680435658
TPPP3	0.00150649450352962
ZDHHC1	0.482878423583352
ATP6V0D1	0.400750217150313
CARMIL2	0.114521546443079
PSKH1	0.282790543237846
ZNF319	0.0386750408593437
BEAN1	0.646003768834532
TK2	0.754001794382346
RRAD	0.273817808266899
CIAO2B	0.724549722719115
AKTIP	0.74732856545718
NUDT21	0.814236740566306
DUS2	0.715061976928704
THAP11	0.498674171323739
KCTD19	0.344578962984235
TMEM208	0.0536741276264355
CA7	0.317294132969865
CHTF8	0.873651644812908
SNTB2_ENSG00000168807	0.437580167961276
DDX19A	0.269715580464562
MT1E	0.18364193861865
PSME3IP1	0.182570735914455
CES4A	0.726120797518615
CES3	0.0351495450235954
PDP2	0.63251054945604
CHD9	0.0115011315007515
CDH5	0.504041301712958
NQO1	0.422540888184994
GINS3	0.315721248211848
DDX28	0.88563573209727
CMTM4	0.0664741707966113
ZFP90	0.151270020169516
KIAA0895L	0.157903473799541
_ENSG00000196696	0.332285829963738
WWP2	0.034371880516969
E2F4	0.0350271055082695
ADGRG1	0.16741977840177
MT1A	0.827282831830623
MT1M	0.344703978402298
COG8	0.42424635412738
LCAT	0.225413411589183
EXOSC6	0.79448552120667
HNRNPA1P48	0.636481492398396
RPS27AP16	0.000354680247157481
_ENSG00000245768	0.288235993565354
_ENSG00000246379	0.0395568808045677
_ENSG00000247228	0.92750796975195
TERB1	0.13054157320058
_ENSG00000259846	0.452388639553915
_ENSG00000260041	0.805661197006159
_ENSG00000260084	0.489089491859393
_ENSG00000260111	0.640954004063289
_ENSG00000260115	0.625839017290262
LINC02137	0.504041301712958
_ENSG00000260364	0.0126773706133514
_ENSG00000260371	0.875032673616432
_ENSG00000260465	0.227207699108192
_ENSG00000260621	0.136574094727748
_ENSG00000260658	0.500634126313922
_ENSG00000260851	0.00377830519202229
_ENSG00000260867	0.62443404830482
_ENSG00000260927	0.995423699138855
_ENSG00000260999	0.942864538802018
_ENSG00000261028	0.900011747894475
_ENSG00000261302	0.892870508889114
_ENSG00000261386	0.8207704832693
_ENSG00000261436	0.919573876223222
_ENSG00000261502	0.29280227211569
SMG1P7	0.163349873186195
LINC00922	0.136574094727748
_ENSG00000261777	0.813415274687297
LINC02141	0.128785731590437
_ENSG00000262136	0.602342473907642
_ENSG00000265408	0.625839017290262
_ENSG00000270049	0.797066519819859
_ENSG00000275383	0.269493119016605
_ENSG00000276075	0.243571658098487
_ENSG00000276259	0.858216913102132
_ENSG00000280163	0.395527321393476
_ENSG00000280334	0.505308522423654
DPEP1	0.0674601137361993
GABARAPL2	0.00596231330956637
PHLPP2	0.585555504859196
BCAR1	0.579245034175412
CYBA	0.702759610407773
ATP2C2	0.00025120640333199
KARS1	0.739129234868214
GLG1	0.299152659819684
DHODH	0.331979217129553
ZNF821	0.356838531786038
PSMD7	0.697289340851363
VAC14	0.581018851848094
FA2H	0.851585742404962
WDR59	0.98752906387883
MON1B	0.218830796410528
CMC2	0.291953240248017
NECAB2	0.062243722470757
HSDL1	0.526473363260088
TAF1C	0.0451906764995317
WFDC1	8.80173292295858e-05
COTL1	0.00468604109984682
USP10	0.810101699030911
CRISPLD2	0.361791739233282
MTHFSD	0.333293628705744
SLC7A5	0.28676289990829
FBXO31	0.839053362072366
PIEZO1	0.00996851029667787
KLHDC4	0.0190284132862263
PMFBP1	0.29280227211569
CBFA2T3	0.624907908229873
COX4I1	0.000102587824455707
EMC8	0.114224619916878
GSE1	0.714039653011958
_ENSG00000131152	0.504674702391583
MTSS2	0.0261298474110701
KLHL36	0.523297346538496
BCO1	0.313675432173893
MPHOSPH6	0.107327225850622
KIAA0513	0.0934886744578967
DHX38	0.0953367616765083
TXNL4B	0.157104201783499
MARVELD3	0.852831479751444
ZFHX3	0.354814092622923
ADAMTS18	0.654236066687453
NUDT7	0.419508147077449
GCSH	0.37954169268875
MAP1LC3B	0.121469621203019
MBTPS1	0.559521568074827
CDH13	0.0744663574339192
ZCCHC14	0.814655922749836
MEAK7	0.895295058372904
GALNS	0.825724615444962
CNTNAP4	0.633613828157201
CFDP1	0.368630784953593
ZDHHC7	0.291962609609564
CMIP	0.613172265443312
DNAAF1	0.0263816719304297
C16orf74	0.298559334109702
JPH3	0.889634954882238
IL34	0.837703987796211
HYDIN	0.299467449237014
ZNF19	0.890507703777842
ZC3H18	0.0767897774901249
RNF166	0.434752937831247
CDYL2	0.0225073033370824
CENPN	0.0681700706365031
ATMIN	0.341566528938845
C16orf46	0.0813773288239291
PKD1L2	0.747507482834094
SLC38A8	0.941897840424846
AP1G1	0.427389501389062
LDHD	0.081706673970764
TERF2IP	0.310797038240006
MVD	0.187020058708279
TRAPPC2L	0.207659560887397
ANKRD11	3.09003938836384e-05
RPL13	0.226612180570398
MLKL	0.0335651909420408
RFWD3	0.309612570513521
DYNLRB2	0.646090403395733
ZNF778	0.173977111947793
VAT1L	0.0193397084636765
CALB2	0.305746037577935
BANP	0.184037839449401
CTU2	0.880835415986078
CA5A	0.872888837020757
ACSF3	0.464959920796393
MAF	0.823440163434641
CPNE7	0.504041301712958
ZFPM1	0.910668723096147
CMTR2	0.944198397932589
IST1	0.160718097090565
CHST6	0.541459021214197
ZFP1	0.670173767006805
SNAI3	0.600573320931407
WWOX	6.78402597293738e-06
ZNRF1	0.49844762596974
SF3B3	0.441668971638003
NPIPB15	0.379042611385541
SPG7	0.215315422402872
PLCG2	0.507785929885463
APRT	0.782773414250499
_ENSG00000203472	0.174114425676678
_ENSG00000205018	0.0999054347185755
SYCE1L	0.219118939830537
_ENSG00000214331	0.0435316091460596
ZNF469	0.14442631867264
HSBP1	0.806762074789191
_ENSG00000256982	0.642317360720026
LINC01568	0.0198764494823172
_ENSG00000259768	0.773379594302474
_ENSG00000259867	0.230802929649821
_ENSG00000259877	0.427057592554767
_ENSG00000259972	0.975954042541304
_ENSG00000259992	0.625032592727242
_ENSG00000259995	0.685447080787093
_ENSG00000260018	0.607371172647286
_ENSG00000260177	0.29280227211569
_ENSG00000260185	0.573875416407613
_ENSG00000260228	0.29280227211569
LINC02176	0.574923224124175
C16orf95	0.626126213607893
_ENSG00000260495	0.226845084110944
SNAI3-AS1	0.819903937449652
_ENSG00000260643	0.082332827834975
_ENSG00000260664	0.22398708320222
_ENSG00000260733	0.638813160133419
_ENSG00000260750	0.144849664408153
_ENSG00000260788	0.896975331089556
_ENSG00000260832	0.179303947260563
LINC01229	0.952471460508116
ARLNC1	0.902234778098886
LINC01572	0.2698084408905
_ENSG00000261058	0.57208994554326
_ENSG00000261063	0.607825740129801
_ENSG00000261118	0.118987706667422
_ENSG00000261141	0.0681700706365031
_ENSG00000261170	0.42515960071491
_ENSG00000261193	0.0681700706365031
_ENSG00000261227	0.625136362550862
_ENSG00000261235	0.368731337428235
_ENSG00000261248	0.281656921312963
_ENSG00000261273	0.393188147716319
ATP2C2-AS1	0.488208148287479
_ENSG00000261313	0.574399207174012
_ENSG00000261404	6.79885016112744e-05
GAN	0.0593969373797639
_ENSG00000261717	0.644718337745667
_ENSG00000261722	0.489971691754021
_ENSG00000261744	0.820313737578128
TMEM231P1	0.0126399500062737
PKD1L3	0.309141480392516
_ENSG00000277954	0.942864538802018
_ENSG00000280182	0.859371285226648
DBNDD1	0.765803351812161
CAMKK1	0.80280108873863
DVL2	0.72072114867112
DHX33	0.57208995440667
MYH13	0.839387206653837
PAFAH1B1	0.123799126754446
_ENSG00000007237	0.0100592856958665
RABEP1	0.967170174372502
CTNS	0.360484498090107
PHF23	0.100065890806797
NTN1	0.247181860000479
GLP2R	
SMG6	0.41148840489097
MNT	0.035976981846191
ACADVL	0.490522659516607
ACAP1	0.685812423713288
DERL2	0.0176427797738754
NCBP3	0.178231200171818
ATP2A3	0.887076653977147
SCARF1_ENSG00000074660	0.282159424967168
ZZEF1	0.597621428706973
VPS9D1	0.925454792240769
ITGAE	0.298774066536841
NLRP1	0.0702045077999918
PITPNM3	0.496107933753913
SPAG7	0.0106985712559798
ASPA	0.797417349087165
CAMTA2	0.072596357847223
PFN1	0.249103622036873
RNF167	0.378680503286767
SLC25A11	0.777845681369985
NUP88	0.105325465109246
C1QBP	0.00277666185187123
MED31	0.864534167246173
EFNB3	0.314859817877128
YWHAE_ENSG00000108953	0.040626341028472
RANGRF	0.811318272202835
DPH1	6.08593508391308e-05
SLC25A35	0.0436999428879071
EMC6	0.241677032818705
METTL16	0.133834312194088
SOX15	0.050805860501689
RPAIN	0.454616103450441
USP6	0.844133942003438
SHBG	0.761033607177928
PLD2	0.41754751024346
AIPL1	0.504041301712958
TXNDC17	0.65062104616016
ATP1B2	0.812891716776241
FXR2	0.0205274728173013
KIF1C	0.43244874833854
MPDU1	0.635562791724354
CHMP1A	0.264479990594933
_ENSG00000132359	0.365752992015666
CLUH	0.78099768873367
INPP5K	0.006055585759082
MYBBP1A	0.34280837053304
RPA1	0.609515494329972
SERPINF1	0.454217400925192
UBE2G1	0.124911380831951
EIF5A	0.0162986064282745
KDM6B	0.000126403358477983
SLC52A1	0.0681700706365031
GPS2	0.77977968548994
XAF1	0.00492401550631898
DLG4	0.646885758531267
MYH10	0.897404567424881
DEF8	0.00271350423118442
TCF25	0.000996200448133756
GAS8	0.552717329394468
VPS53	0.322008717269894
SPATA22	0.479364743375495
SGSM2	0.483686928535136
PELP1	0.362610623853726
ARRB2	0.00709397155016531
SLC13A5	0.567895689726552
WRAP53	0.483756852860788
MINK1	0.0706842252402078
SAT2	0.246954530924809
ASGR1	0.248737881751772
PIK3R5	0.18999934087147
TP53	0.061055464743466
PSMB6	0.82820237061223
USP43	0.801074556373473
SPATA2L	0.0760275473747855
ZNF276	0.956962714467432
ABR_ENSG00000159842	0.51790341186302
MED11	0.100654241760575
SCIMP	0.375071611776277
NDEL1	0.902549487876696
CFAP52	0.44761899506278
CRK	0.631353196034628
SPATA33	0.534428636014509
NXN_ENSG00000167693	0.223317190872048
TLCD3A	0.376056611161373
GLOD4	0.849530439870897
SLC43A2_ENSG00000167703	0.398061015212611
RILP_ENSG00000167705	0.652439147057837
SERPINF2_ENSG00000167711	0.460686554189714
WDR81_ENSG00000167716	0.124993808864797
SRR	0.50637643688364
TSR1	0.910758888515409
TRPV3	0.515476105964507
CYB5D2	0.181472183482322
ZNF232	0.20231015740255
MIS12	0.640977150253651
TEKT1	0.022144381561897
NLGN2	0.225961845542814
CHD3	0.28288716645561
CNTROB	0.177378006188038
TRAPPC1	0.0239013378333253
KCNAB3	0.883715091834213
CHRNB1	0.544793075850029
ELP5	0.906583554382556
GABARAP	0.461949247696215
STX8	0.594160016518149
MRM3	0.152305533677017
PRPF8_ENSG00000174231	0.664692276277814
PITPNA	0.00567067258459261
ZBTB4	0.982589062732442
SLC16A13	0.0556351413831085
TIMM22_ENSG00000177370	0.0440262455366584
CENPBD1	
PFAS	0.634153420037634
CTC1	0.204883322959501
TMEM107	0.101839212454548
PER1	0.0327390550931992
WSCD1	0.796433099981015
GEMIN4	0.807674512721039
RNF227	0.130720245790407
ZNF594	0.492555182775328
ZFP3	0.957609339078211
RPH3AL_ENSG00000181031	0.824821337367046
POLR2A	0.256347455052383
SPNS3	0.574399207174012
NAA38	0.00324678659735657
SPNS2	0.219546738037856
RFLNB	0.136574094727748
DNAH2	0.649045836409656
CDK10	0.376420852293678
ANKFY1	0.202874774523265
RTN4RL1	0.0436678603189696
SMYD4	0.17446726652473
MIR22HG	0.855412495115802
C17orf97	0.96799677211818
FANCA	0.822720304883849
INCA1	0.46549459318642
BORCS6	0.22792323683603
MYO1C	0.260727872769207
KIAA0753	0.635564968415225
SPIRE2	0.607536535803689
_ENSG00000213939	0.460686554189714
TAX1BP3	0.195002453184162
ALOX12-AS1	0.234465344741251
RNASEK	0.898344988869581
AFG3L1P	0.490438847561434
_ENSG00000225751	0.607371172647286
_ENSG00000234327	0.854689465535099
_ENSG00000235085	0.107018555285356
PITPNA-AS1	0.0327951153948248
_ENSG00000240898	0.362625283229774
TUBB3	0.269493119016605
LINC02166	0.887076653977147
_ENSG00000260507	0.00380948833572994
FAM157C	0.00381787841104217
LINC02193	0.27162501032789
_ENSG00000261172	0.476988995280415
VPS9D1-AS1	0.218542925246428
_ENSG00000261848	0.574399207174012
_ENSG00000261879	0.919688899886438
CCDC92B	0.0112613851695987
_ENSG00000262213	0.342650322239185
_ENSG00000262304	0.801400482654748
TMEM256-PLSCR3	0.305746037577935
_ENSG00000262810	0.144637872852466
_ENSG00000262823	0.941897840424846
ALOX12P2	0.677536077585831
_ENSG00000263017	0.62443404830482
_ENSG00000263050	0.0681700706365031
_ENSG00000263272	0.901123166061073
_ENSG00000263300	0.0270721352939033
_ENSG00000263708	0.563268185663251
_ENSG00000265349	
_ENSG00000265749	0.118400740059651
DOC2B_ENSG00000272636	0.269865965127032
_ENSG00000273388	0.0351495450235954
PIK3R6	0.624501927001848
_ENSG00000277200	0.0723611742376174
_ENSG00000280046	0.88563573209727
COX10	0.0333956471458861
ARHGAP44	0.0223844771882292
ELAC2	0.634626628503184
DNAH9	0.825616819729981
TTC19	0.205881959095902
MAP2K3	0.56641282500564
MAP2K4	0.893201405369332
EPN2	0.995310399356358
ALDH3A2	0.447751274261815
SREBF1	0.803927371105558
ULK2	0.976577473418268
MYO15A	0.88563573209727
ALKBH5	0.511986246362152
TRIM16L	0.515235234129314
PIGL	0.165805675094918
RASD1	0.537293741887958
RAI1	0.147522481588418
DRG2	0.219964559859929
AKAP10	0.0215158155608974
B9D1	0.724107484070829
DHRS7B	0.408554601810613
WSB1	0.506364342495328
MYH3	0.0857309379617467
PMP22	0.31220561169192
USP22	0.979940320008074
HS3ST3B1	0.514332720885781
RNF112	0.830878658585312
SPECC1	0.287049682908333
KRT17P1	0.39116924632321
LLGL1	0.748271396675363
PEMT	0.995070188807934
SCO1	0.898006868269308
MPRIP	0.17885953300699
MED9	0.938990440427188
NCOR1	0.353795611572862
COPS3	0.515043719556929
GID4	0.451100388419733
ZNF287	0.848140947404968
MYOCD	0.055571655602589
PRPSAP2	0.159357073140022
SLC47A1	0.078561256611168
HS3ST3A1	0.12068476295385
SLC5A10	0.607825740129801
CCDC144B	0.070868184071072
CCDC144CP	0.981381999551667
ZNF18	0.0213331462581157
MAPK7	0.324735865386449
CENPV	0.281214539725066
ADPRM	0.856415919825091
UBB	0.000172737460433961
ADORA2B	0.23922372273972
TVP23B	0.196269599900188
FBXW10	0.179303947260563
ATPAF2	0.617248770563201
DRC3	0.356186585429323
_ENSG00000174977	0.0389318171015134
SNHG29	0.432132620389575
TOM1L2	0.159454834769816
SHMT1	0.394789084079817
SMCR8	0.0558896890665974
TOP3A	0.354487841449583
MIEF2	0.572828514272951
FLII	0.746673196422646
TMEM11	0.383380722097463
LINC00670	0.346014092464655
PLD6	0.327428997099411
SLC47A2	
LRRC75A	0.911374040879278
KCNJ12	0.144849664408153
TRPV2	0.505308522423654
TMEM220	0.0772391215464215
SHISA6	0.950033221780076
GRAPL	0.918209685830619
USP32P3	0.392851226455996
ZNF624	0.114306169721785
CCDC144NL	0.39184151300909
NT5M	0.724107485105734
LINC02693	0.563851277888288
UPF3AP2	0.806667694730469
ZSWIM7	0.958343752009267
TBC1D26	
RPL13P12	0.940806803614657
TRIM16	0.923905481008622
MPRIP-AS1	0.144215001727512
UPF3AP1	0.00346214001535057
SMCR5	0.12712120002529
ABHD17AP6	0.369647602289817
IL6STP1	0.461633393309193
LINC02094	0.0999054347185755
MYOCD-AS1	0.941897840424846
SLC47A1P1	0.29280227211569
CCDC144NL-AS1	0.434486445859599
EPN2-AS1	0.394199961359589
_ENSG00000235530	0.872888837020757
_ENSG00000235979	0.482313671787063
COX10-AS1	0.848034798815105
LINC01563	0.650167000072657
_ENSG00000241185	0.0786470808811077
ZNF286B	0.9505231158741
_ENSG00000255104	0.29280227211569
MTRNR2L1	0.572503683533664
_ENSG00000260328	0.48864871297649
_ENSG00000262769	0.282353351333423
TMEM220-AS1	0.794453046684802
TMEM238L	0.0423928472607116
UBBP4	0.626939520049505
_ENSG00000263624	0.219407355593487
_ENSG00000264187	0.0680641655261245
_ENSG00000264666	0.622068436114919
_ENSG00000266302	0.950937928459303
_ENSG00000266368	0.203005178945075
_ENSG00000266667	0.0573814662367389
_ENSG00000266677	0.428325658900947
GTF2IP6	0.897789501798759
_ENSG00000272815	0.0473457454661907
MYHAS	0.29280227211569
FAM106A	0.10423852611012
NATD1	0.460055931866253
SARM1	0.496748895767652
POLDIP2	0.0804574637180783
LIG3	0.481508441912611
TMEM98	0.508859325475086
AP2B1	0.129740186463413
NOS2	0.368273735350703
KIAA0100	0.0876403593734436
ZNF207	0.767882709129772
SEZ6	0.626745364882648
NLE1	0.42515960071491
SLC46A1	0.354138477285006
TRAF4	0.341204444821275
NLK	0.202282343235413
RFFL	0.0656330635583244
NUFIP2	0.172161317465939
GIT1	0.21692451935153
SLC6A4	0.342650322239185
BLMH	0.856111646072201
CPD	0.976341212000118
GOSR1	0.377991801852397
UTP6	0.339156318574002
C17orf75	0.538676936391889
PSMD11	0.468236091301738
ASIC2	0.0647085923467686
PEX12	0.516156230598727
TNFAIP1	0.313510290145868
IFT20	0.511135619221449
TMEM97	0.885155508586149
SUPT6H	0.399168521610389
RAB34	0.0218636396344436
PHF12	0.808324144103394
NSRP1	0.248489762124234
RHOT1	0.0477076571308
EVI2A	0.317294132969865
OMG	0.102362394556936
RAB11FIP4	0.0244055161985511
CCT6B	0.0193386214062649
SDF2	0.330764912430169
FLOT2	0.181121476159748
ERAL1	0.309128102322221
KSR1	0.215511354355889
SSH2	0.17897892624446
RHBDL3	0.0852365692016391
SPACA3	0.29280227211569
TAOK1	0.291689382016535
NEK8	0.829921402553999
SLFN5	0.871602981939122
PROCA1	0.902600913267731
DHRS13	0.644955618744052
CORO6	0.382007753426849
TEFM	0.334549242401064
COPRS	0.767385485856636
FAM222B	0.0404417962655586
ATAD5	0.52089661019634
CRLF3	0.445381097708597
MYO1D	0.74683924324585
CDK5R1	0.281234169982127
EFCAB5	0.294739275285814
SUZ12	0.493659503320463
PIPOX	0.788647762150975
TMEM132E	0.227508134747234
RNF135	0.781975736854204
ADAP2	0.956845156421602
LRRC37B	0.0429329900358109
MYO18A	0.242798627759031
NF1	0.475748245461712
RPL23A	0.00177833983514231
ZNF830	0.456719728655044
_ENSG00000214719	0.499873947080596
SPAG5-AS1	0.310452565020303
_ENSG00000258472	0.918473582180735
LINC01992	0.574923224124175
LINC01989	0.917527680662566
_ENSG00000261499	0.219118939830537
RPS7P1	0.736800622612726
_ENSG00000263657	0.645545937703047
_ENSG00000263709	0.732167204581577
_ENSG00000263781	0.539139925330774
_ENSG00000263990	0.344578962984235
ABHD15-AS1	0.00700817691221155
_ENSG00000264164	0.649558197987042
_ENSG00000264458	0.504674702391583
SUZ12P1	0.0604412364814002
_ENSG00000264808	0.225923718229606
_ENSG00000265125	0.899456112186753
_ENSG00000265334	0.561934242166478
_ENSG00000265394	0.504674702391583
KRT18P55	0.918209685830619
_ENSG00000265739	0.392514480229007
_ENSG00000265794	0.806667694730469
_ENSG00000265845	0.490854747063
_ENSG00000266111	0.426573760838992
_ENSG00000266202	0.0774068835806911
UBL5P2	0.819613930398538
_ENSG00000266385	0.644718337745667
_ENSG00000266490	0.118707378641253
_ENSG00000266527	0.689103806688953
_ENSG00000266599	0.737777397021141
_ENSG00000266865	0.124645759122315
_ENSG00000266877	0.726120797518615
SNHG30	0.905700982764842
_ENSG00000270240	0.505308522423654
TAF15_ENSG00000270647	0.756571185619919
_ENSG00000270871	0.42988621176702
MMP28_ENSG00000271447	0.638638718894755
EPOP_ENSG00000273604	0.0775756975607967
ZNHIT3_ENSG00000273611	0.933386328286815
SOCS7_ENSG00000274211	0.735779596753141
_ENSG00000274341	0.465213235706885
TBC1D3D	0.29280227211569
NPEPPSP1	0.378045660915472
_ENSG00000274767	0.650318941745067
TBC1D3I_ENSG00000274933	0.705879293925875
MLLT6_ENSG00000275023	0.667261777976659
SYNRG_ENSG00000275066	0.0527625177836729
AATF_ENSG00000275700	0.204136545492439
ARHGAP23_ENSG00000275832	0.650534348115109
DUSP14_ENSG00000276023	0.097272017911219
TADA2A_ENSG00000276234	0.949282320919295
_ENSG00000276250	0.644375747093472
YWHAEP7	0.114192862912794
_ENSG00000276810	0.064102957624773
PIGW_ENSG00000277161	0.144637872852466
LHX1-DT	0.136574094727748
SRCIN1_ENSG00000277363	0.168013853571925
_ENSG00000277501	0.0218341504038073
_ENSG00000277511	0.637665096818348
RDM1_ENSG00000278023	0.29280227211569
DDX52_ENSG00000278053	0.56954871077081
MYO19_ENSG00000278259	0.213642435425986
GGNBP2_ENSG00000278311	0.381575396368884
C17orf78_ENSG00000278505	0.487327661942389
DHRS11_ENSG00000278535	0.796616922844306
ACACA_ENSG00000278540	0.478987362933985
MRM1_ENSG00000278619	0.570849620222499
MRPL45_ENSG00000278845	0.515587852714912
_ENSG00000279762	0.828549303411568
LASP1	0.667178682534195
CDC27	0.0952317686944844
MEOX1	0.0573814662367389
ITGA2B	0.642321791160607
MAP3K14	0.363150498245499
MED24	0.93453526947504
BRCA1	0.521210398548232
SLC25A39	0.252249296701309
GRN	0.178824035374128
ATP6V0A1	0.55890816639895
TUBG2	0.855242860456435
CACNB1	0.345307686940274
_ENSG00000067596	0.0162223188099968
IFI35	0.313081159291019
COASY	0.484445233130789
PLEKHH3	0.615567304206415
SMARCE1	0.989939115492782
GSDMB	0.2337219969343
ADAM11	0.292685974559838
NSF_ENSG00000073969	0.600635746017328
ATXN7L3	0.839783110160423
KCNH4	0.324980098071901
TMEM101	0.222715498444559
CDC6	0.625839017290262
KRT23_ENSG00000108244	0.144215001727512
RPL19	0.000202349675144037
FBXL20	0.387538592569631
RUNDC3A	0.700178751451856
UBTF	0.763651699046926
PSMD3	0.967761799379267
CASC3	0.109267156198077
RAPGEFL1	0.214669153127322
WNT3_ENSG00000108379	0.651354047545536
DHX58	0.0890103445569169
KAT2A	0.885355498960486
MLX	0.935937862749934
CNTNAP1	0.837335553656514
EZH1	0.0099142818753662
VAT1	0.847419799781898
RND2	0.856866098435128
HDAC5	0.0447799651915597
MPP2	0.555979976999838
DUSP3	0.571106388057118
EFTUD2	0.503690139849139
KANSL1_ENSG00000120071	0.237471970737789
CRHR1_ENSG00000120088	0.740098411144003
HROB	0.131436833667473
MED1	0.820789536444202
RPL23	0.0843470147866165
THRA	0.636299471723344
NR1D1	0.175366998060945
STAT5A	0.282353351333423
BECN1	0.411136001140072
KRT17	0.285165753103244
C1QL1	0.735633782587697
GFAP	0.00570795219357932
PYY	0.179303947260563
HIGD1B	0.129364242736457
TUBG1	0.0213160891287692
PSME3	0.420766861592983
RPL27	0.000514097609959409
ACLY	0.215911636875463
VPS25	0.652405711983029
RAMP2	0.740098411144003
STARD3	0.464844236051357
RARA	0.645228885824245
PPP1R1B	0.0394572265609984
NMT1	0.00166780691876403
NPEPPS	0.225234315935413
G6PC3	0.178282685023651
P3H4	0.813969867258527
NT5C3B	0.796931300128002
RETREG3	0.944082593794675
ERBB2	0.801423100585839
MIEN1	0.783464261525311
PNMT	0.463246376844762
ARL5C	0.942864538802018
STAC2	0.397443792211714
IGFBP4	0.344220774853639
FKBP10	0.00424241726627889
ARHGAP27_ENSG00000159314	0.0932279514272225
PLXDC1	0.736327747310571
PGAP3	0.712318925226728
IKZF3	0.740098411144003
MPP3	0.488208148287479
LSM12	0.795164146409387
ASB16	0.55995189493451
FAM171A2	0.10670913755079
DBF4B	0.836919121683043
PLCD3	0.794631311070371
CDK12	0.639405184490959
TMEM99	0.135210290211091
GHDC	0.196307432975253
NKIRAS2	0.494910111045818
DNAJC7	0.16001681839249
HEXIM2	0.1181338038289
TMUB2	0.533334466564763
STAT3	0.867278416988133
WIPF2	0.454232916678946
NEUROD2	0.573781160736716
ORMDL3	0.106438807358355
DCAKD	0.0593963966342042
STAT5B	0.143469293338263
CNP	0.62966838893852
JUP	0.915487323392403
HAP1	0.00546891492816499
EIF1	0.0510873486490939
TCAP	0.693148432407889
ETV4	0.485193698872917
ARL4D	0.934991195812291
CNTD1	0.151593585933099
LRRC37A_ENSG00000176681	0.885155508586149
CAVIN1	0.925610743695668
KLHL11	0.808681649377684
EFCAB13	0.0941771930764198
RPRML	0.335199928214394
CCDC43	0.351065157659691
MEIOC	0.942864538802018
ACBD4	0.0133895562773326
GJC1	0.88563573209727
COA3	0.224233295765251
CCR10	0.48953048482304
FMNL1	0.538783009489104
TMEM106A	0.35331726810932
ARL17A	0.429389950187168
KIF18B	0.504041301712958
KRT10	0.416135102987041
GPATCH8	0.0447540703253482
HEXIM1	0.0422541198815145
MAPT_ENSG00000186868	0.0285412225314708
ZNF385C	0.0873163847647897
NBR1	0.192721182288907
LINC00910	0.269120626528756
MSL1	0.0727513724284611
RAMP2-AS1	0.368273735350703
NBR2	0.599754870770945
RUNDC1	0.418651843173518
TTC25	0.404418941375711
FBXO47	0.807674512721039
LINC00671	0.739517934774556
KANSL1-AS1_ENSG00000214401	0.0675461358277229
LRRC37A4P	0.793738086650154
_ENSG00000224505	0.314507392719483
PLEKHM1_ENSG00000225190	0.721314137534861
ARL17B_ENSG00000228696	0.0587484043735055
MRPL45P2	0.048826860155021
_ENSG00000233175	0.0681700706365031
_ENSG00000234477	0.424212455261094
_ENSG00000236234	0.179303947260563
CCDC200	0.0844464152319399
LRRC37A2_ENSG00000238083	0.695229381648271
_ENSG00000253347	0.764920289491553
_ENSG00000259623	0.382313095434536
NSFP1_ENSG00000260075	0.284372522041979
_ENSG00000260793	0.170066905919282
_ENSG00000261886	0.883715091834213
_ENSG00000262633	0.574923224124175
_ENSG00000262879	0.915044631014803
_ENSG00000263293	0.0675461358277229
LINC02210-CRHR1	0.678146585976813
RDM1P5	0.790293879886754
LINC00672	0.0104024097937633
_ENSG00000264058	0.342650322239185
MAPT-AS1_ENSG00000264589	0.194259606830599
_ENSG00000264968	0.560716767871852
_ENSG00000265460	0.574399207174012
RARA-AS1	0.572828514272951
_ENSG00000266962	0.632116173849081
_ENSG00000267002	0.932951503818275
ASB16-AS1	0.500266323933796
_ENSG00000267121	0.0952684053333094
_ENSG00000267198	0.572305403327207
_ENSG00000267246	0.504674702391583
RUNDC3A-AS1	0.507079107286795
_ENSG00000267765	0.918209685830619
CWC25_ENSG00000273559	0.0833554050752639
PIP4K2B_ENSG00000276293	0.3963962977768
PCGF2_ENSG00000277258	0.515230741887365
PSMB3_ENSG00000277791	0.84773877056914
CISD3_ENSG00000277972	0.237895785575631
SNX11	0.98849415156543
TSPOAP1	0.487520176870651
PDK2	0.717968424996105
ITGA3	0.415537168105442
OSBPL7	0.378022959322246
SPATA20	0.546979280545183
CACNA1G	0.094372046275106
CYB561	0.958318154963547
SPAG9	0.103131969053641
MRC2	0.41295602331794
NME1-NME2	
MKS1	0.525037183137246
MBTD1	0.780717063634882
UTP18	0.168272197377123
XYLT2	0.163142294400191
VMP1	0.0931504032623674
APPBP2	0.912864879019082
HEATR6	0.118903316483712
PRR11	0.263187897244115
NFE2L1	0.595201901752206
METTL2A	0.653650728991299
RNF43	0.944076608061574
RAD51C	0.200089157640678
SEPTIN4	0.524003687840151
MTMR4	0.532777956976437
TRIM37	0.16941725212605
DHX40	0.243026792362208
TUBD1	0.67598563118925
KPNB1	0.934247912811135
RPS6KB1	0.0389394340177234
CDK5RAP3	0.237262214232514
CBX1	0.147486028207131
INTS2	0.773302413254089
MED13	0.0920278214958612
PPP1R9B	0.35248091712891
MRPL27	0.0219245140454625
LRRC59	0.0958866458824573
ABCC3	0.119340979913669
LUC7L3	0.00132314619641209
HLF	0.527227187606652
MMD	0.684985117595056
EPX	0.918891751183636
AKAP1	0.489012427209233
COIL	0.433681063810714
TRIM25	0.796105125826122
SCPEP1	0.985723038407512
SPOP	0.572915206529224
SLC35B1	0.65456160221991
TEX14	0.945030231503169
FAM117A	0.18715328382918
CALCOCO2	0.312544587541555
RSAD1	0.448294004685751
MYCBPAP	0.424082489946879
SRSF1	0.622879142596029
VEZF1	0.922249364545644
TACO1	0.514866923095392
DCAF7	0.226581181165593
BRIP1	0.328785697396683
KAT7	0.666319719806511
PCTP	0.786436884834188
TOM1L1	0.389922372747103
TOB1	2.1871654071524e-05
SKAP1	0.460371182626551
SCRN2	0.310509205828871
CLTC	0.0243801546960707
BCAS3	0.990140089023062
PTRH2	0.966652451406359
TLK2	0.847701540869739
ANKFN1	0.852773498682197
DGKE	0.468047906406845
MSI2	0.821706047674443
GDPD1	0.0289240532049718
ANKRD40	0.132406111000087
CA10	0.34814704164094
MRPL10	0.636589709269979
ATP5MC1	4.88926513373686e-05
UBE2Z	0.962518629805328
SNF8	0.759229356885335
COX11	0.209385368225677
STXBP4	0.15911472502537
B4GALNT2	0.942864538802018
PHB	0.0364666853367269
SAMD14	0.537326166621681
ACSF2	0.435787203839301
SP2	0.292712379473003
LPO	0.62443404830482
CA4	0.997001724536089
TTLL6	0.035230250408459
USP32	0.855596647321391
PPM1D	0.803524223777977
TANC2	0.277900923448692
EFCAB3	0.62897396531964
MARCHF10	0.460055931866253
YPEL2	0.825968797358176
PPM1E	0.588637498325656
HSF5	0.0818539473843229
TAC4	0.12950918539935
CUEDC1	0.178277773049338
MRPS23	0.349556967069546
NXPH3	0.266267555300831
SKA2	0.663801888127761
RNFT1	0.767605568765614
ZNF652	0.645569913597336
TBKBP1	0.206288406837917
SUPT4H1	0.516771450760945
C17orf67	0.918209685830619
_ENSG00000224738	0.971823892833948
TOB1-AS1	0.712856494406044
_ENSG00000230532	0.883715091834213
_ENSG00000233635	0.388497054890444
SP2-AS1	0.65429295640557
_ENSG00000236319	0.626126534592971
_ENSG00000239246	0.490632843315047
LINC02086	0.504674702391583
SUMO2P17	0.15146922485032
_ENSG00000248954	0.179303947260563
_ENSG00000249870	0.0322856145564285
NACA2	0.0616081318317003
_ENSG00000259349	0.205067059306738
SMIM36	
_ENSG00000262039	0.888037476278902
MTCO1P40	0.0230457090664026
_ENSG00000262967	0.307780324168863
_ENSG00000263089	0.118517951361648
LINC01982	0.118635253631825
_ENSG00000263644	0.918891751183636
_ENSG00000263766	0.643969794215908
_ENSG00000263798	0.635820778482137
DYNLL2	0.0861970351810358
_ENSG00000264513	0.0681700706365031
SEPTIN4-AS1	0.362000012570679
_ENSG00000264920	0.0492691806565163
TSPOAP1-AS1	0.397123423603839
LINC01476	0.641979730407701
_ENSG00000265542	0.489089491859393
_ENSG00000265702	0.739517934774556
POLRMTP1	0.383970061179293
_ENSG00000266086	0.146580654358529
TBC1D3P1-DHX40P1	0.308573842322752
_ENSG00000267131	0.346373468977633
_ENSG00000267207	0.446431065607303
_ENSG00000267248	0.638777335531747
RNFT1-DT	0.516464918302132
_ENSG00000267318	0.203697972693334
NDUFB8P2	0.483119633109597
_ENSG00000273702	0.117562405233328
_ENSG00000279207	0.00657762121883153
TIMP2	0.435703490109424
_ENSG00000055483	0.0358427217333938
SDK2	0.935649323661718
JMJD6	0.380159063702459
WIPI1	0.73789697520505
ST6GALNAC2	0.0229724592536541
LLGL2	0.645729545271802
CACNG5	0.941897840424846
CACNG4	0.180504328955356
TNRC6C	0.815265365711723
PGS1	0.116740527740613
PSMC5	0.518235078411494
BIRC5	0.29280227211569
APOH	0.504041301712958
UNC13D	0.195736830536083
MFSD11	0.0970244221817782
RGS9	0.230139936181912
RECQL5	0.189870133907589
GALK1	0.153309342891236
CCDC47	0.146416348547963
FTSJ3	0.407953265744656
SMARCD2	0.823033544432354
SYNGR2	0.487060972466125
DDX5	0.518361916533627
CYTH1	0.0640471444234168
LGALS3BP	0.606839782518751
SMURF2	0.732550072131413
SLC16A6	0.269865965127032
PRKAR1A	0.205249238028321
FAM20A	0.20231015740255
MAP2K6	0.710993794639369
SLC9A3R1	0.355603988294053
NAT9	0.441717513210141
TMEM104	0.0786420923803267
CDR2L	0.451492149879225
GNA13	0.965374387477437
KCNJ2	0.269292264227779
SOX9	1.7776627377901e-11
MRPS7	0.505836725481882
GGA3	0.426318790211918
ARMC7	0.952648597649624
NUP85	0.691164039078364
SLC25A19	0.427057592554767
MIF4GD	0.206386463661757
NT5C	0.564626972177417
QRICH2	0.433530127940741
SEC14L1	0.717243572841666
RHBDF2	0.498796548890333
NOL11	0.43067714600612
ITGB4	0.351793416857767
WBP2	0.180161966223701
H3-3B	0.0832133891988763
UNK	0.443815909547853
TRIM47	0.522946883337321
FAM104A	0.246767484537299
SLC39A11	0.0393565633837974
TEX2	0.0129481076997157
LIMD2	0.500879403552587
C17orf80	0.744994868332888
ARSG	0.485203449707167
ABCA8	0.508578306888247
CCDC40	0.603230799212052
TMC6	0.623614637924047
CARD14	0.626532970601081
TTYH2	0.325667026966801
EIF4A3	0.0207208308165493
RPTOR	0.207355313418801
TRIM65	0.273846026456603
RNF157	0.187780099614721
CBX4	0.00825348888757966
KCNJ16	0.035194776320579
PITPNC1	0.0775143562789451
PRKCA	0.452265337431879
CEP112	0.00117454238354021
ABCA9	0.307101235663991
ABCA6	0.310452565020303
ABCA10	0.229024012008063
ABCA5	0.17675072397614
GRIN2C	0.201704415480103
FDXR	0.293100903599675
SAP30BP	0.925357768395157
ACOX1	0.899288138656373
PRPSAP1	0.929587952503015
CYGB	0.447024805876757
SRSF2	0.821037239850385
SNHG16	0.534176479049568
COG1	0.712104683580672
ENGASE	0.847911667435434
RBFOX3	0.459482795123704
TBC1D16	0.788108188053209
HID1	0.420382598788172
MRPL58	0.973157157236053
ATP5PD	0.159072240320659
EVPL	
SRP68	0.334953053395362
MGAT5B	0.187885462496215
TMC8	0.90056743260908
AXIN2	0.218068524799338
GPRC5C	0.058630841568585
NPTX1	0.129958811259667
GAA	0.818594124738944
CANT1	0.526635125043809
DNAI2	0.0787576279102871
BPTF	0.00830055511595881
FADS6	0.144849664408153
RAB37	0.853715834117787
RPL38	0.166848390867594
ENDOV	0.284878247490552
RNF213	0.308703442772998
C1QTNF1	0.111851083492525
UBE2O	0.925133833156532
LRRC37A3	0.450839943365304
CASKIN2	0.253236022703215
TMEM94	0.0354518937246965
GRB2	0.615223557416302
ERN1	0.0608640741082155
CDC42EP4	0.017261467998788
KCTD2	0.759336179357219
METTL23	0.0473457454661907
SLC26A11	0.754740433531866
SGSH	0.139501283023267
TSEN54	0.012593199872108
EXOC7	0.267173316825847
KPNA2	0.141396811673015
MXRA7	0.514459269083831
AFMID	0.967996772376445
SEPTIN9	0.908330800501109
UBALD2	0.646765174722007
CD300LF	
C17orf58	0.42387022134417
DNAH17	0.507955719340264
C17orf99	0.62443404830482
SUMO2	0.0859516008175802
FBF1	0.100822847436806
JPT1	0.000983169064618844
AMZ2	0.381599752982274
PSMD12	0.354524219028907
DDX42	0.0668364817620902
HELZ	0.481894773333914
MAP3K3	0.678130235321981
LINC01993	0.90056743260908
TMEM235	0.644452812781982
TNRC6C-AS1	0.381181620031547
PRCD	0.144637872852466
AMZ2P1	0.793478145217216
PLEKHM1P1	0.0267605403202701
ARHGAP27P1-BPTFP1-KPNA2P3	0.172214058944586
LINC00511	0.0138238053580979
LINC01483	0.118557921219903
_ENSG00000230258	0.246323789710582
ABCA9-AS1	0.368273735350703
SOX9-AS1	0.91194326490184
LINC00674	0.728972814338277
POLG2	0.509139763324102
CEP95	0.693237236761403
CASC17	0.150880231347865
PECAM1	0.855065664837112
RNF213-AS1	0.424030421394429
_ENSG00000263278	0.504041301712958
_ENSG00000264057	0.159538192259804
PRKCA-AS1	0.497047623659982
_ENSG00000264860	0.625136362550862
_ENSG00000265218	0.952294326298231
_ENSG00000265987	0.649108745585182
_ENSG00000266076	0.0271802067455486
LINC02074	0.898900525755339
SNHG25	0.10224164882653
MYO15B	0.108429397137349
_ENSG00000267009	0.636924057131492
LRRC37A16P	0.262504152359371
_ENSG00000267109	0.502982947422596
_ENSG00000267184	0.20231410288409
_ENSG00000267426	0.156998721320781
DNAH17-AS1	0.136574094727748
_ENSG00000267506	0.342650322239185
_ENSG00000267568	0.625136362550862
LINC01482	0.466620968208065
_ENSG00000267665	0.942864538802018
THA1P	0.181828676042774
MICOS10P2	0.410910577353287
MILR1	0.857766595216948
_ENSG00000274712	0.326313804309
_ENSG00000278730	0.485681883003382
_ENSG00000279369	0.942864538802018
RALBP1	0.948460311370515
CLUL1	0.885155508586149
THOC1	0.998546585141103
NDC80	0.941897840424846
EPB41L3	0.414058245366639
SEH1L	0.728194617571866
ARHGAP28	0.55935315232653
USP14	0.069114554217986
VAPA	0.0306757108889097
METTL4	0.38035983375672
LPIN2	0.231279827348642
SMCHD1	0.796256126568153
MYOM1	0.976663113364555
MYL12A	0.806285902025358
CEP76	0.899928047776027
CEP192	0.445428322778773
RNMT	0.00391922558413929
LAMA1	0.587035421393171
ANKRD12	0.00109646438471035
MYL12B	0.0172094115455855
PSMG2	0.625062089627456
TWSG1	0.387840646667568
ENOSF1	0.412022349197663
LINC00470	0.918209685830619
EMILIN2	0.625839017290262
NAPG	0.0257671295633788
SPIRE1	0.935150977956297
AFG3L2	0.189598720848818
PRELID3A	0.814464101114646
IMPA2	0.499949192720799
GNAL	0.0807518158934008
ADCYAP1	0.640954004063289
ARHGDIA	0.0260801881646711
SLC16A3	0.416216418441753
RAB40B	0.141050680743888
CSNK1D	0.304384593081206
ANAPC11	0.00888164538775524
TBCD_ENSG00000141556	0.816470422973412
FN3KRP	0.785533279549185
NARF	0.702221658515876
FOXK2	0.9987461393847
CEP131	0.368198992013009
WDR45B	0.869882389063
L3MBTL4	0.912034908926135
PPP4R1	0.871740491694469
APCDD1	0.728566227586369
PIEZO2	0.511898342996107
MPPE1	0.790712281822895
SLC38A10	0.899763934228543
COLEC12	0.3678909635248
TEPSIN	0.97344801681354
FN3K	0.139297992082429
RAB31	0.773918318107994
MTCL1	0.0416329455887225
LDLRAD4	0.291701248782117
HEXD	0.982208174802579
LRRC45	0.734688079001416
CENPX	0.0473111861620838
ASPSCR1	0.13724111892108
FASN	0.336232558116773
DUS1L	0.143475017406014
GPS1	0.225262336086987
RFNG	0.384353198953373
DCXR	0.101514836905418
RAC3	0.242111295201463
DLGAP1	0.111244259866601
PTPRM	0.0570403653850764
ZNF519	0.968584928800883
PTPN2	0.0313850692194481
B3GNTL1_ENSG00000175711	0.455989080522464
BAIAP2	0.00924306134997831
TUBB6	0.644033231957032
YES1	0.832211062438071
CHMP6	0.673953414384575
CCDC57	0.937740395022168
CIDEA	0.29280227211569
METRNL_ENSG00000176845	0.508473204736477
TYMSOS	0.0198764494823172
FAM210A	0.371375485164739
DLGAP1-AS1	0.362208356335876
TGIF1	0.771155908396474
CYBC1	0.252957295291046
OGFOD3	0.0497580021006297
AATK	0.188959384769417
ANKRD62	0.941897840424846
NPLOC4	0.842946695524194
TSPAN10	0.077974598829448
PYCR1	0.895743589758376
ALYREF	0.574160019255973
NPB	0.918209685830619
ACTG1	0.0975713768039404
CCDC137	0.197196750457645
HGS	0.841925812590486
FAAP100	0.623868425067559
P4HB	0.751399934989711
PCYT2	0.472514201645573
ANKRD20A5P	0.624501927001848
SIRT7	0.215851308275174
MAFG	0.991478505017575
ZBTB14	0.848501568932294
OXLD1	0.84545872984657
RAB12	0.516086970767198
TMEM200C	0.504674702391583
ARL16	0.223834268066601
NDUFAF8	0.000768875011487479
PVALEF	0.625136362550862
MCRIP1	0.69575694167077
BAIAP2-DT	0.651438670429488
_ENSG00000235296	0.181179031714389
RPL6P27	0.00141929323293672
RNU2-27P	0.942864538802018
_ENSG00000260011	0.737777397021141
_ENSG00000260563	0.0939726412492221
DLGAP1-AS5	0.57335185203678
MIR3976HG	0.144637872852466
DLGAP1-AS2	0.649366026908213
_ENSG00000262049	0.346373468977633
_ENSG00000262223	0.847059273833328
_ENSG00000262877	0.00162220896740553
ROCK1P1	0.606008381544219
_ENSG00000263551	0.741259807729393
DLGAP1-AS3	0.740679035564108
_ENSG00000263745	0.342650322239185
LINC00667	0.0113553771747113
_ENSG00000263847	0.941897840424846
DLGAP1-AS4	0.518215451424795
_ENSG00000264000	0.29280227211569
_ENSG00000264449	0.490413112538656
_ENSG00000265399	0.644110226853427
_ENSG00000265545	0.574989037181113
_ENSG00000265671	0.504041301712958
MAFG-DT	0.368273735350703
CYP4F35P	
_ENSG00000265907	0.766289824043889
GACAT2	
_ENSG00000266049	0.83044984572083
NDUFV2-AS1	0.51924740766171
BAHCC1	0.023642347791866
_ENSG00000266268	0.573745722652265
_ENSG00000266288	
_ENSG00000266450	0.504041301712958
_ENSG00000266578	0.182758913512537
_ENSG00000266602	0.919573876223222
_ENSG00000266846	0.424212455261094
_ENSG00000267136	0.29280227211569
_ENSG00000267199	0.369223152394421
_ENSG00000267733	
_ENSG00000272461	0.344578962984235
RAB27B	0.131258018008239
DSG2	0.369189293096344
LAMA3	0.0298783204590759
ROCK1	0.57254800635798
MOCOS	0.918209685830619
PIAS2	0.545428200803755
PIK3C3	0.105262210887856
ME2	0.176575628379125
CELF4	0.201323388566733
ST8SIA5	0.603026396798275
SMAD7	0.168271720375381
LIPG	0.902234778098886
NOL4	0.271327301295953
POLI	0.500613237841508
MIB1	0.143833635080922
RBBP8	0.927466388367834
RIOK3	0.870806702670334
B4GALT6	0.235903946613801
SYT4	0.720871054760879
SLC14A2	0.285165753103244
CTIF	0.800461722630274
MRO	0.0422796133024157
MBD2	0.854808330687893
TMEM241	0.869988782941689
KCTD1	0.880858656117053
CABLES1	0.497563581985745
DSC2	0.269056455381149
DSG3	0.0999054347185755
RNF138	0.171857577339387
ELP2	0.0505939248114097
DTNA	1.16504696736024e-13
FHOD3	0.00815484918315102
TPGS2	0.453980025176777
SS18	0.00190642055810848
TAF4B	0.965415109921951
SLC39A6	0.670921139357331
RPRD1A	0.318121967248839
C18orf21	0.638035539260901
GALNT1	0.601649657152383
ASXL3	0.307925475571082
MEP1B	0.316665433752164
GAREM1	0.562633263523854
ESCO1	0.814605094339926
OSBPL1A	0.444684550086914
GREB1L	0.792066711532857
RMC1	0.0153126530983173
NPC1	0.00810284486948128
SLC14A1	2.47326301730647e-09
RNF165	0.158432166767789
DYM	0.113977527632012
MAPK4	0.0873436988130048
MBD1	0.862384811371864
SMAD4	0.647700403681487
KIAA1328	0.986010326407006
RIT2	0.711977509891709
SETBP1	0.804048099652383
EPG5	0.387794806547239
PSTPIP2	0.305746037577935
ATP5F1A	0.000366698398852873
HAUS1	0.211137000987212
C18orf25	0.674710652514646
TRAPPC8	0.260243599937257
CABYR	0.855065664837112
IMPACT	0.0709682344340588
ANKRD29	0.599886963214992
CHST9	0.148082999483427
PSMA8	0.0573814662367389
CXXC1	0.163831421983169
ABHD3	0.164118205622197
CCDC178	0.369022493820398
MAPRE2	0.510575274369016
SNRPD1	0.542707412540552
LOXHD1	0.572305403327207
KATNAL2	0.980664535239143
HDHD2	0.146298519360564
MYO5B	0.427374403878461
ACAA2	0.760642100575643
TTC39C	0.771636992246596
CDH2	0.000708753485294549
AQP4	1.1173953630834e-05
CFAP53	0.182758913512537
ZNF24	0.0260326557959184
STARD6	0.327183569505708
SMAD2	0.496056872809138
MEX3C	0.112985216712541
C18orf32	0.203099467243798
ANKRD30B	0.180207798115118
ZBTB7C	4.33938791622449e-05
ZNF396	0.203388526488728
ZNF397	0.8284955006105
ZSCAN30	0.266253740893849
DCC	0.899470049722658
KLHL14	0.573875416407613
ZNF521	0.0179140826470126
CTAGE1	0.899456112186753
LINC01630	0.653524982633237
_ENSG00000243303	0.342650322239185
ZNF271P	0.659639079286541
AQP4-AS1	0.0341458134194257
_ENSG00000263823	0.574923224124175
_ENSG00000264149	0.573875416407613
_ENSG00000264151	0.267175087567291
LINC01894	0.942864538802018
_ENSG00000264924	0.942864538802018
_ENSG00000265128	0.504041301712958
_ENSG00000265204	0.916845736177739
_ENSG00000265737	0.133807972994827
_ENSG00000265750	0.0679776010603966
_ENSG00000265751	0.202741003962275
LINC01900	0.488208148287479
DSCAS	0.664970199163095
_ENSG00000265943	0.393862515202034
_ENSG00000266573	0.635073047200141
DSG1-AS1	0.226018210337811
_ENSG00000267039	0.571676367409777
SLC14A2-AS1	0.504674702391583
_ENSG00000267193	0.0573814662367389
_ENSG00000267313	0.62443404830482
SNHG22	0.298022632756932
LINC01478	0.0681700706365031
MIR924HG	0.463807867355943
LINC00907	0.979636153584573
_ENSG00000267699	0.793742131100492
_ENSG00000267707	0.391505292082822
MIR4527HG	0.737777397021141
_ENSG00000270112	0.621663254658595
NEDD4L	0.0742346991334469
CTDP1	0.286696123137398
FECH	0.341273626106475
CDH19	0.764974750402547
ZNF532	0.263397068349808
LMAN1	0.689188187934425
TIMM21	0.16658447081272
CDH7	0.505196777091602
PHLPP1	0.254780333453839
ATP8B1	0.574746780673295
ATRN	0.00620679586571169
NSFL1C	0.69327199173312
C20orf194	0.487847140189997
EBF4	0.00409521513815328
MAVS	0.65241028515256
LZTS3	0.355432190017266
WDR7	0.762673556461683
TXNL1	0.7236552892027
C20orf27	0.644723986667396
SPEF1	0.602633687270924
CDC25B	0.116401899113256
TRIB3	0.227943734057439
CSNK2A1	0.964462739788756
RSPO4	0.887582759996258
SNPH	0.400088306858788
PDYN	0.342650322239185
NOP56	0.419425875290296
IDH3B	0.603336956935567
ZNF516	0.709932845115089
CDH20	2.63704132636839e-10
ADNP2	0.360404851133349
KDSR	0.595604387757303
VPS4B	0.627224197723171
ONECUT2	0.343505111811693
SLC66A2	0.817854230780277
SDCBP2	0.518009790981326
PANK2	0.84999444488151
CENPB	0.242423778946369
PSMF1	0.720230552638679
RBCK1	0.117413564233822
STK35	0.422689408426337
SNRPB	0.00198539687389387
NRSN2	0.150453125596145
AP5S1	0.268114637692248
TBC1D20	0.600878482210177
ITPA	0.849350455773253
TMEM74B	0.31886945921481
MRPS26	0.55576916281221
ZNF236	0.413987294088156
NFATC1	0.354080712474629
HSPA12B	0.625839017290262
PCED1A	0.226001935638806
PTPRA	0.0676947484339954
CNDP2	0.248198102491096
NARS1	0.522691354617863
GRP	
RELCH	0.0772646788596581
TNFRSF11A	0.316351390846194
ZCCHC2	0.343913222164394
FBXO15	0.0339041050766553
CBLN2	0.00116309125136779
TXNL4A	0.725341859553366
ADAM33	0.00298892152203335
TMC2	0.311250840079719
CCDC102B	0.270370816352715
CD226	0.934024148456283
CNDP1	0.981548592117521
NETO1	0.423767527782247
CYB5A	0.629747639260213
ATP9B_ENSG00000166377	0.83058232962489
SERPINB8	0.44761899506278
TMX3	0.25022642411069
CCDC68	0.345296052371122
SEC11C	0.566221495996576
GALR1	0.57335185203678
SOCS6	0.907758056317435
DSEL_ENSG00000171451	0.358840851248732
BCL2	0.835380605482135
MALT1	0.575543666239306
RTTN	0.10507059670546
RNF152	0.113864922428479
ST8SIA3	0.919999459607862
SOX12	0.117687253676125
PARD6G	0.567006895924975
KCNG2	0.900011747894475
_ENSG00000178412	0.144849664408153
TSHZ1	0.806948927428227
ZADH2	0.612950342788816
CCBE1	0.918090706417081
UBOX5	0.073809347498278
DIPK1C	0.000129236800748486
C20orf96	0.889255781608199
TCF4	2.26453521322397e-05
PIGN	0.53434855185203
MBP	0.860551003910716
SIRPA	0.777225287182025
DDRGK1	0.0548964453379212
ALPK2	0.14442631867264
C18orf63	0.179303947260563
DOK6	0.0105100275542858
SERPINB5	0.179303947260563
_ENSG00000206129	0.607825740129801
VPS16	0.848862222171998
ZNF407	0.062843131995841
SIRPB3P	0.538248245630206
OACYLP	0.505308522423654
NRSN2-AS1	0.423085694515314
HSBP1L1	0.264931669896284
_ENSG00000229539	0.605554422094901
_ENSG00000232528	0.690658514963055
SDCBP2-AS1	0.567523768042405
FAUP1	0.000784002007214496
UBOX5-AS1	0.811609762156737
ZCCHC3	0.637276791363724
SALL3_ENSG00000256463	0.256606553797714
_ENSG00000256566	0.369624664568656
_ENSG00000260578	0.179303947260563
LINC01416	0.0776198192595492
LINC02582	0.942864538802018
LINC01896_ENSG00000263146	0.258940029704015
_ENSG00000263424	0.269120626528756
_ENSG00000263655	0.942864538802018
LINC02864	0.218542925246428
_ENSG00000263958	0.042459010450716
_ENSG00000264015	0.918209685830619
LINC00909	0.557173110097325
ZNF236-DT	0.594242158751381
LINC01899	0.136574094727748
_ENSG00000265533	0.0510486903565867
_ENSG00000265643	0.118517951361648
_ENSG00000265844	0.918209685830619
LINC01909	0.392851226455996
TCF4-AS1	0.42312170070121
_ENSG00000267098	0.505308522423654
_ENSG00000267127	0.39648485785047
LINC01924	0.858216913102132
_ENSG00000267175	0.488208148287479
_ENSG00000267251	0.572305403327207
PARD6G-AS1	0.647291513326566
_ENSG00000267284	0.572828514272951
_ENSG00000267382	0.204037553427139
_ENSG00000267390	0.483396921126319
_ENSG00000267409	0.29280227211569
_ENSG00000267476	0.0918196411381505
_ENSG00000267780	0.918209685830619
_ENSG00000267787	0.0316172097619524
CKAP2LP1	0.00310145723339913
_ENSG00000274269	0.62443404830482
_ENSG00000274322	0.00543648463718453
_ENSG00000276649	0.378075964544888
DNMT3B	0.651222038072331
TPX2	0.504674702391583
PDRG1	0.832034389481013
CRLS1	0.373000026048979
SMOX	0.261082280624098
XRN2	0.175421645667445
KIZ	0.976468018818822
SNX5	0.974998355961731
ESF1	0.219251850674867
RBBP9	0.636183380400136
SLC23A2	0.238245499144325
TMEM230	0.991291618209012
DZANK1	0.826545905651824
CFAP61	0.932620999628496
TASP1	0.745437333531378
KIF16B	0.798456953157087
TRMT6	0.353522457433624
CHGB	0.0127564630517612
PYGB	0.540877633082566
ABHD12	0.137849667217641
GINS1	0.809689103098638
NINL	0.0384197858944318
ISM1	0.504041301712958
RNF24	0.924997422852553
NDUFAF5	0.0832210084786789
SEL1L2	0.870745933477468
RASSF2	0.992491789006205
CDS2	0.417097583196423
HM13	0.494225617136031
SEC23B	0.890064900795178
FERMT1	0.395846344840669
CCM2L	0.219118939830537
PLCB4	0.13903908715613
HCK	0.502145858827855
TM9SF4	0.962772437631433
CRNKL1	0.722881055352528
POFUT1	0.0436706639869514
PAK5	0.0227598426418807
KIF3B	0.428520713490723
MAPRE1	0.0187325521836896
JAG1	0.770239072862363
CST3	1.53185782373033e-06
SYNDIG1	0.273889264079936
APMAP	0.259889581114571
GPCPD1	0.0827425882695919
FAM182A	0.0133356877692509
GZF1	0.00541721809265636
NAPB	0.420409667719616
NKX2-2	0.352095902981303
DTD1	0.437322466709452
TMX4	0.962543175229846
RRBP1	0.0607709690269032
BMP2	0.29280227211569
ZNF133	0.542075110829178
FLRT3	0.625517086414295
OVOL2	0.825467449467729
PCSK2	0.579110931438818
MKKS	0.438362448664331
BFSP1	0.136574094727748
DSTN	0.0028861904021823
LAMP5	0.0136361843461042
SNRPB2	0.11309206117853
MGME1	0.794203485449467
MCM8	0.990058583619024
ID1	0.0187461279551814
PLAGL2	0.130720245790407
ZNF337	0.951934347618896
TTLL9	0.439062417078456
ANKEF1	0.0999054347185755
SNAP25	1.11073818834745e-09
BTBD3	0.350933446401336
PCNA	0.509504221115598
NXT1	0.270656468563568
POLR3F	0.628028537569687
RIN2	0.0432575854653697
SLX4IP	0.988776902534436
KAT14	0.408132064105401
FRG1BP	0.00305698435434909
DUSP15	0.348923918211118
COMMD7	0.794027096065736
ACSS1	0.587421469240178
NANP	0.809689103098638
ASXL1	0.142447217512574
BCL2L1	0.262999086287542
PRNP	0.470624852692975
ADRA1D	0.573875416407613
SHLD1	0.317124952075569
MACROD2	0.0409937013982184
SPTLC3	0.146698920327206
INSM1	0.625136362550862
NAA20	0.483400601017697
FAM182B	0.561978938498672
PLCB1	0.117658717244586
SLC24A3	0.575663314344039
RALGAPA2	0.549146281533231
NOL4L	0.754349748260953
ENTPD6	0.184962680883813
C20orf203	0.479632420538442
ZNF337-AS1	0.919653932952984
RPS19P1	0.98596310252354
EFCAB8	0.219696043786173
_ENSG00000224628	0.74927508825523
FTLP3	0.958629659578065
LINC00658	0.226845084110944
SNAP25-AS1	0.482565386741382
LINC00687	0.14442631867264
LINC01428	0.942864538802018
_ENSG00000230506	0.916845736177739
SDAD1P2	0.29280227211569
FAM242A	0.16531507816705
SMIM26	0.268585263028295
KIZ-AS1	0.651323967115313
_ENSG00000234241	0.514361715717406
RPL24P2	0.628159848015265
TSPY26P	0.856249512190917
MACROD2-AS1	0.14442631867264
BCL2L1-AS1	0.81188881398441
_ENSG00000260257	0.753058181867709
_ENSG00000260536	0.853265985494051
XKR7	0.918209685830619
_ENSG00000270792	0.782716269911718
ANKRD20A21P	0.634541181601289
_ENSG00000277938	0.369189293096344
_ENSG00000278041	0.640946473472793
LINC01727	0.354191111533834
DPM1	0.44232055415441
PHF20	0.801703867872443
TOMM34	0.242587528338322
KCNG1	0.0384706573437908
RIPOR3	0.46324638275409
NNAT	0.0723564237674131
ELMO2	0.586193361603977
CTSA	0.360827298299546
EYA2	0.466270486188482
CBFA2T2	0.162413901714392
ITCH	0.635739859045228
TP53INP2	0.403690311597091
MYH7B	0.635713421855515
SLC35C2	0.664738056371443
RBL1	0.986025347514731
DLGAP4	0.302352484180478
EDEM2	0.883377834671902
FER1L4	0.117847832809371
EPB41L1	0.377539789684399
PLTP	0.117057563132061
PCIF1	0.535629018541409
GSS	0.981906182531537
TRPC4AP	0.232587038986791
UQCC1	0.158284421371661
ZMYND8	0.709930608460058
SGK2	0.323272978876491
IFT52	0.377145310911777
MYBL2	0.62443404830482
HNF4A	
NDRG3	0.263695322126157
SLA2	0.13054157320058
RAB5IF	0.0861910770508685
RIMS4	0.39648485785047
PABPC1L	0.834827057316103
STK4	0.878388208742296
ADNP	0.2666090892143
MYL9	0.203235919259751
SAMHD1	0.180590315918981
MROH8	0.30039061770601
MANBAL	0.0342304309277958
CDK5RAP1	0.425386126340452
SNTA1	0.627157505635303
TTI1	0.361183240860242
E2F1	0.504041301712958
RPRD1B	0.524973215167036
PXMP4	0.39025274499328
CHMP4B	0.106010132865427
SLC32A1	0.343862824456638
ASIP	0.496145513224078
ACTR5	0.68873780534296
WFDC2	0.0126096442781499
AHCY	0.487327661942389
PPP1R16B	0.130569346342659
FAM83D	0.136574094727748
DHX35	0.707525235770123
DNTTIP1	0.709525867260721
MAP1LC3A	0.000113807226115538
PIGU	0.726376909010425
TNNC2	0.605100615006104
ACOT8	0.886532500696134
RPN2	0.354888631537228
SNX21	0.76925670019601
WFDC3	0.467046798348278
TTPAL	0.419010670837622
PREX1	0.755419462851238
KCNS1	0.625136362550862
SLC12A5	0.0729649697274505
SDC4	0.000103694977416041
NCOA3	0.17570468711278
PIGT	0.276863945197951
NCOA5	0.104108961533033
PARD6B	0.227391548796535
CHD6	0.305139680197648
PLCG1	0.162468997742458
TOX2	0.331942596302706
SRSF6	0.350402472339594
GDAP1L1	0.520486927601448
ARFGEF2	0.0986767264573197
ZNFX1	0.243634799888027
CSE1L	0.301189991268866
PTGIS	0.078211851254911
STAU1	0.457244090973166
MOCS3	0.505308522423654
RNF114	0.994580451931878
DDX27	0.25243868109592
BCAS4	0.0174532683643675
TP53TG5	0.512318582757421
NEURL2	0.68873780534296
GDF5	0.39352524397628
MMP24	0.657501773640577
NECAB3	0.0418800181440158
RALY	0.262429534743849
DYNLRB1	0.134531254111173
EIF2S2	0.000948949360411744
ERGIC3	0.782035053945812
ROMO1	0.20520138690523
BPIFB9P	0.942864538802018
CEP250	0.125104659771715
MMP24OS	0.0626750250256939
LBP	0.078211851254911
AAR2	0.579150588963074
RBM39	0.257464709425136
ZNF341	0.886748077518065
GGT7	0.0922190469057443
ACSS2	0.162375357265904
CTNNBL1	0.430272955104348
ZSWIM3	0.565768504640883
VSTM2L	0.230265638145207
OSER1	0.781262433849827
SERINC3	0.919272568015124
_ENSG00000132832	0.860152074075262
JPH2	0.0558259613779315
KIAA1755	0.230914469937423
DSN1	0.206717275835672
SOGA1	0.191041034365852
CNBD2	0.638904295718626
CDH22	0.651375804655252
SLC13A3	0.330101811923133
KCNB1	0.605719170990226
B4GALT5	0.541194664861677
SPATA2	0.351615264222561
BLCAP	0.176361064146604
YWHAB	0.000158746082020826
ZSWIM1	0.504041301712958
PKIG	0.158563823950965
RALGAPB	0.154188538077195
SCAND1	0.256399631975107
CEBPB	0.00304214088063403
TP53RK	0.639148262573998
ZHX3	0.389893888540039
SNHG11	0.0768401651982684
ZFAS1	0.122561847253281
WFDC10B	0.345296052371122
L3MBTL1	0.910121312380482
PTPRT	0.579738036857721
PTPN1	0.747606154801185
SULF2	0.387548021350572
SNHG17	0.847878035087989
ADA	0.953376701649721
SRC	0.419508147077449
FITM2	0.479900179223856
SLC9A8	0.294156394466205
ZNF335	0.747760238676614
ZNF334	0.306076470102711
NCOA6	0.907033958078749
TOP1	0.993093021074418
TGM2	0.29280227211569
MAFB	0.9505231158741
CPNE1	0.121397813536973
ZNF663P	0.322745809533762
RPL27AP	0.360952376256674
OSER1-DT	0.120361285484323
LINC01754	0.078211851254911
RPF2P1	0.316979681126632
RPL37AP1	0.698759618597957
PLCG1-AS1	0.00829281739426124
MT1P3	0.902426292388241
TMSB4XP6	0.0388803463126845
CEP250-AS1	0.0819495422937311
ZNF341-AS1	0.203235919259751
LINC01273	0.0999054347185755
SNRPFP1	0.0775332796922111
_ENSG00000232406	0.607825740129801
DLGAP4-AS1	0.428305747395255
_ENSG00000233508	0.203005178945075
_ENSG00000234139	0.918209685830619
NFS1	0.605554422094901
KCNK15-AS1	0.62443404830482
_ENSG00000250917	0.835205519418271
SYS1-DBNDD2	0.345654953589252
ADNP-AS1	0.426740918130851
NORAD	0.390497627639245
_ENSG00000273828	0.644707887143617
_ENSG00000275285	0.791858925090931
CEBPB-AS1	0.918891751183636
_ENSG00000277611	0.155653927342592
SPPL2B	0.424013485372018
PTBP1	0.360492451607756
ZFP64	0.350517550096162
RTF2	0.163388472612806
ATP9A	0.424405779615278
CBLN4	0.495376015234709
OGFR	0.690293084797646
GNA15	0.88323503809014
ABCA7	0.963798157976913
BCAS1	0.907216763359677
SBNO2_ENSG00000064932	0.754685836491672
AP3D1	0.100693074315036
WDR18	0.61062256454655
TLE2	0.639890387397801
FGF22	0.0229724592536541
FSTL3	0.844172931296409
RNF126	0.833799754315592
TCF3	0.978562905512566
DAZAP1	0.106488233461956
MBD3	0.185925160398508
KCNQ2_ENSG00000075043	0.00835742324884782
REXO1	0.693369550877912
GNAS	0.0487528548800169
PHACTR3	0.612506098292867
CASS4	0.178653493653964
GNA11	0.274034639247795
COL9A3	0.505667014310957
CIRBP	5.79831036820827e-05
ATP5F1D	4.59263074504206e-05
CBARP	0.0354380580452933
TIMM13	0.180088807617205
CDC34	0.326488088535961
POLR2E	0.425792549991851
POLRMT	0.639824487886214
HCN2	0.0286138662301348
IZUMO4	0.0561024128678452
GADD45B	0.0421255605273504
PALM	0.26304027151155
MADCAM1	0.911708346292784
MKNK2	0.565499066101277
NFATC2	0.114505044327384
PFDN4	0.700643962544875
DOK5	0.41328869528431
CSTF1	0.381542056106633
BMP7	0.53825780609333
RAE1	0.871038783552948
TPD52L2	7.21046910975351e-05
DNAJC5	0.601080978636755
NELFCD	0.432387414288016
CTSZ	0.0658213580475191
PRPF6	0.0198703196506649
PRELID3B	0.246197254425488
HRH3	0.368731337428235
MTG2	0.502564615002437
PSMA7	3.72913709939471e-05
SLCO4A1	0.918209685830619
NTSR1	0.489971691754021
MRGBP	0.623299903017901
TCFL5	0.768702969376178
DIDO1	0.819434304143817
GID8	0.121137020122513
NKAIN4	0.0431363056476582
ARFGAP1	0.000449718926091258
COL20A1	0.740098411144003
CHRNA4	0.337733198100785
EEF1A2	0.0381238858883777
GMEB2	0.132228644843072
ARFRP1	0.775411954961108
DOT1L	0.0436186403364674
PLEKHJ1	0.862654597125008
SF3A2	0.17017314520539
AMH	0.806164405735082
TLE6	0.342650322239185
TLE5	0.0337015659085108
SGTA	0.693665301869097
THEG	0.57335185203678
MIER2	0.323034631021193
REEP6	0.604090704042664
PCSK4	0.771509084757129
APC2	0.316293994334517
RPS15	9.29709009821874e-08
NDUFS7	0.0905263981248213
ARID3A	0.846766203661749
STK11	0.80354178848422
C19orf25	0.323312523865511
GCNT7	0.203697972693334
FAM210B	0.0549307943945114
VAPB	0.159562316748656
ATP5F1E	0.0139432119975679
ZNF831	0.916845736177739
RAB22A	0.0274263759710391
CDH26	0.157986252318566
PPP4R1L	0.10521182915931
PMEPA1	0.048388726597114
OPRL1_ENSG00000125510	0.18067329031772
SLC2A4RG	0.775394625078672
PPDPF	0.0168964711046991
UQCR11	0.0586654154111681
KLF16	0.765112707532841
SHC2	0.566399615878653
PLPPR3	0.345296052371122
ABHD17A	0.917997633016675
GAMT	0.281293335887438
ATP8B3	0.624096059723033
LSM7	0.0308547930554894
ZBTB46	0.311932934488432
TAF4_ENSG00000130699	0.838265484373926
LAMA5	0.742313856636168
OSBPL2	0.753421080514972
ADRM1	0.110504592308503
RBM38	0.930338702382402
BTBD2	0.652965362815448
CSNK1G2	0.108347495733811
TPGS1	0.298484352311462
PLPP2	0.0175058232287414
LINC00266-1	0.29280227211569
LSM14B	0.119431274081518
YTHDF1	0.0319250980634404
CABLES2	0.728706083514633
PWWP3A	0.131717231484705
GPX4	1.23181619544642e-07
MIDN	0.000362395006516062
JSRP1	0.179303947260563
LKAAEAR1	0.39116924632321
RGS19	0.0422607824841435
TCEA2	0.182064037353016
RPS21	0.316749755835629
ZNF217	0.756088936791902
ZNF57	0.606916756961387
ZNF556	0.218542925246428
ZNF554	0.0192475731459205
THOP1	0.530908535450628
MOB3A	0.814839024389157
AZU1_ENSG00000172232	0.269493119016605
BSG	0.465517731257233
MED16	0.604841656653771
ZNF77	0.230006874279523
DIRAS1	0.268820082530619
GNG7	5.31793411861959e-06
LMNB2	0.952294326886126
TMPRSS9	0.310278811874322
CDH4_ENSG00000179242	0.831711190524688
MEX3D	0.873317530190521
TMEM259	0.945453616465735
TSHZ2	0.312523709914087
C2CD4C	0.00398306845123589
SS18L1	0.929672483167185
RPL12P4	0.560116833094038
PLK5	0.0219221379580742
ZNF555	0.185798412215907
SYCP2	0.861392103731946
MYT1_ENSG00000196132	0.00660747038109649
FAM217B	0.346923225399044
PRTN3_ENSG00000196415	0.342650322239185
ZNF512B	0.361777725269067
STMN3	0.531869334229573
UCKL1	0.656457174668073
R3HDM4	0.386775143600229
PCMTD2_ENSG00000203880	0.0499138200539751
NPEPL1	0.40832838639576
LINGO3	0.268748487602895
_ENSG00000225106	0.342650322239185
_ENSG00000225806	0.0423928472607116
HAR1A	0.136574094727748
SCAMP4	0.299274532500484
LINC01429	0.607371172647286
FAM174C	0.352903383219197
MIR646HG	0.122576181028941
ZBTB46-AS1	0.738937606760991
APCDD1L-DT	0.307101235663991
MHENCR	0.519684910084935
LINC01524	0.11474900826918
_ENSG00000235415	0.0351495450235954
_ENSG00000253392	0.227840177581951
STX16-NPEPL1	0.42515960071491
_ENSG00000259723	0.0351495450235954
_ENSG00000261526	0.539026009022086
_ENSG00000266933	0.318238715312251
_ENSG00000267059	0.0681700706365031
_ENSG00000267063	0.941897840424846
_ENSG00000267283	0.682231958997031
_ENSG00000271774	0.0255110138924389
LINC01749	0.144215001727512
_ENSG00000273619	0.953357167179005
_ENSG00000273734	0.860919784298108
UCKL1-AS1	0.942864538802018
TBXA2R	0.572828514272951
MATK	0.744588611929949
MPND	0.765632202789204
APBA3	0.0718896640455908
RANBP3	0.60051304199393
PNPLA6	0.273285933889532
CREB3L3	0.808681649377684
HMG20B	0.486932813298858
PDE4A	0.714520463661701
ELAVL1	0.887980831890616
MYDGF	0.228257006575952
CAMSAP3	0.706500361234562
XAB2	0.184365600516232
MAP2K7	0.778178649805297
SIRT6	0.297184596022136
DNM2	0.135903491309572
KEAP1	0.512424528368041
COL5A3	9.30698932913198e-12
RFX2	0.232496046733536
KHSRP	0.508279537092768
ANKRD24	0.280688838145304
ICAM1	0.738937606760991
CERS4	0.126223161057278
MCOLN1	0.808752078262719
TMED1	0.643089501532837
HNRNPM	0.0377308885560552
MARCHF2	0.0466427404033449
TUBB4A	0.342407210325099
PEX11G	0.646711685800844
SNAPC2	0.89615414242794
TIMM44	0.00088988350640882
OLFM2	0.585867478767685
PIAS4	0.534509317411236
EBI3	0.179303947260563
YJU2	0.778763947187203
SHD	0.29280227211569
FSD1	0.0684632907395435
ZFR2	0.669049609843644
TJP3	0.919573876223222
CACTIN	0.499104715846496
FZR1	0.358194550553838
PLIN3	0.224867388687033
MRPL4	0.589900112707372
ICAM5	0.077974598829448
TYK2	0.772805560436038
CDC37	0.000132276238181314
PTPRS	0.000431943804807136
RAB3D	0.884675327256023
CAPS	0.218843375852008
PLPPR2	0.932240733834899
SLC25A23	0.529854395565521
PSPN	0.625136362550862
GTF2F1	0.177981257932491
ALKBH7	0.956858388247436
CLPP	0.967331390893858
TNFSF9	0.62443404830482
CD70	0.57335185203678
C3	0.156055283077264
GPR108	0.839050503846889
NCLN	0.384990810596931
MAP2K2	0.582588398770569
PIN1	0.000611467310397262
FBXL12	0.0375109919097627
SMARCA4	0.0394151533076102
KDM4B	0.0866729178976925
TICAM1	0.897729172832621
KRI1	0.858756617708524
ILF3	0.231763734325915
SLC44A2	0.237844996968064
AP1M2	0.269493119016605
CDKN2D	0.832619162846381
DOHH	0.760579905467202
DOCK6	0.829264916626666
ECSIT	0.524509747132165
LDLR	0.0034794891281869
ELOF1	0.0159279665028229
TSPAN16	0.88659630496676
PRKCSH	0.572486815160859
CNN1	0.368273735350703
SAFB2	0.3939322860115
RPL36	0.0839106867004606
ACSBG2	0.791545848715733
MLLT1	0.324448651900722
ZNF557	0.0349552204293098
YIPF2	0.234332110234141
ATG4D	0.959356144504032
ZNF317	0.647623665171733
EIF3G	0.242670036104956
SHFL	0.288337043121425
DNMT1	0.0303676464205094
ZNF426	0.312929818389999
CCL25	0.608280459267516
ZNF20	0.387133474900996
PRAM1	0.228709656712834
ZNF414	0.619840774697503
NFIC	0.253451731454517
FEM1A	0.35249146614181
VAV1	0.81777292324131
SH3GL1	0.627221001410822
DUS3L	0.809185336705294
DPP9	0.714862238740557
ADAMTS10	0.0767457912187492
MYO1F	0.719117194665691
TIMM29	0.638272349545162
CARM1	0.329852157257943
EVI5L	0.388198575654382
SAFB	0.0717795279915042
CELF5	0.35640059971126
MFSD12	0.203771744392661
RAVER1	0.20231015740255
SPC24	0.942864538802018
ATCAY	0.88595269591502
DAPK3	0.578386805324229
EEF2	0.021648180552142
CHAF1A	0.0924210953746642
UBXN6	0.405654247779227
HDGFL2	0.0537140267687444
SEMA6B	0.0879728949135466
ACER1	0.858590633867196
ANGPTL4	0.274805659992874
ZNF558	0.407798967910909
C3P1	0.504674702391583
_ENSG00000167807	0.11529136996066
INSR	0.457341693776863
NRTN	0.29280227211569
ZNF439	0.71642560441264
ZNF440	0.331014342917619
ZNF562	0.965774770874806
ZNF561	0.184827293777037
SWSAP1	0.427691352067254
ZNF266	0.622103919972597
ADGRE1	0.246557545577243
CATSPERD	0.869889036776706
MICOS13	0.000368160701080596
MIR7-3HG	0.0263499013538026
ZNF491	0.511735874088608
STAP2	0.644033231957032
CTXN1	0.293162387950261
ZBTB7A	0.418035950118335
TRAPPC5	0.392514480229007
MUC16	0.90056743260908
SLC25A41	0.504256990564725
CLEC4G	0.0777379327377044
PRR36	0.960539648043447
C19orf71	0.900011747894475
CCDC159	0.171009049469547
MRPL54	0.154242251981415
RAB11B	0.145937022446093
TNFAIP8L1	0.856249512190917
PIP5K1C	0.77554122495467
EPOR	0.66741203265004
ZNF563	0.624096059723033
ZNF699	0.574160019255973
ELAVL3	0.218605527426317
LONP1	0.27469190604329
ZNF846	0.683764766670593
ZNF136	0.965415110201025
_ENSG00000196826	0.956191808415374
ZNF441	0.671738726016901
KANK2	0.00309449526315798
_ENSG00000197332	0.468313357090068
ZNF433	0.0126450055879946
ZNF44	0.939397868083983
ZNF823	0.650142948653067
ZNF121	0.092277583276827
CCDC151	0.746272147019116
UBL5	0.0903398639483823
ZNF442	0.637665096818348
ZNF69	0.0397155605708179
ZNF627	0.405307790717374
TEX45	
ZNF358	0.710313850867921
RGL3	0.921851907579218
DENND1C	0.368273735350703
PRR22	0.57208995440667
_ENSG00000213293	0.0621816048213471
QTRT1	0.163711091811754
ZNF788P	0.214930343685869
C19orf38	0.481240194616053
_ENSG00000214347	0.279805476073475
PLIN5	0.0485879597307235
ZNF433-AS1	0.529707695941668
ZGLP1	0.159826875710758
ZNF844	0.654616525579255
TINCR	0.489971691754021
PET100	0.356815726499486
SNRPEP4	0.802605390858614
RPS28	0.176573830518346
_ENSG00000234773	0.395088203364518
P2RY11	0.801580704825838
TGFBR3L	0.843357295539874
_ENSG00000263264	0.324980098071901
_ENSG00000266950	0.737777397021141
_ENSG00000266978	0.394537582414807
_ENSG00000266983	0.964610302069221
_ENSG00000267011	0.282121078380853
_ENSG00000267082	0.369647602289817
ILF3-DT	0.0382993274185285
ZNF561-AS1	0.272144871946487
_ENSG00000267174	0.00984093703039682
_ENSG00000267179	0.856866098435128
_ENSG00000267299	0.464650804473933
_ENSG00000267436	0.312851448271757
_ENSG00000267571	0.309823548215397
_ENSG00000267939	0.268820788319823
_ENSG00000267980	0.268114637692248
CLEC4GP1	0.117705051129108
_ENSG00000268742	0.0351495450235954
_ENSG00000268744	0.487327661942389
ADGRE4P	0.344220774853639
_ENSG00000268861	0.918891751183636
_ENSG00000268870	0.510788223095948
_ENSG00000269693	0.785670380957702
_ENSG00000269755	0.0625829033467642
_ENSG00000269807	0.625136362550862
ZNF559-ZNF177	0.263931178362282
UHRF1	0.840734311261517
_ENSG00000280239	0.989338500414084
UPF1	0.855606170072606
REX1BD	0.455189370602516
CRLF1	0.461137059367444
CCDC124	0.14127203695419
NFIX	0.606463961104674
AKAP8L	0.385769048098053
WIZ	0.755836229770256
MRI1	0.185497466960131
USE1	0.00512863561315237
RFXANK	0.000335819376331816
TMEM161A	0.045736913121339
LPAR2	0.13054157320058
SUGP2	0.00210235107140663
PRKACA	0.430382753092982
ADGRL1	0.0198135747284011
TMEM38A	0.00993543078067002
AP1M1	0.688119475326202
NOTCH3	0.319028478832094
ANO8	0.724007897820593
GMIP	0.574399207174012
DHPS	0.473382663953302
HOOK2	0.070894236784184
IL12RB1	0.344578962984235
MAST3	0.280179265536675
OCEL1	0.0652571213022506
MYO9B	0.891839320754538
NDUFB7	0.000686780176441982
TECR	0.0358972373643888
MAN2B1	0.184778172690489
RNASEH2A	0.572828514272951
TRMT1	0.0115506615638359
STX10	0.416400531885012
CCDC130	0.5003745868082
C19orf53	0.00846818362452311
IL27RA	0.392177909068904
ASF1B	0.899456112186753
FAM32A	0.409655072857739
C19orf44	0.716748875016898
AKAP8	0.545483934132804
ILVBL	0.145142706798782
SLC1A6	0.0765267859304688
TNPO2	0.193239015570455
GCDH	0.581075277285213
DNASE2	0.207628587661265
MAST1	0.58305766831627
JAK3	0.830133019465011
RPL18A	0.0228685010080481
SLC5A5	0.608280459267516
KCNN1	0.0882235581694709
ARRDC2	0.687640238737104
RAB3A	1.19829740248922e-06
PDE4C	0.491400071963435
ISYNA1	0.687274529265227
ELL	0.631159904763419
CRTC1	0.34473293989473
COPE	0.00922408547710503
DDX49	0.628715400265256
ARMC6	0.397494145751252
TMEM59L	0.908469692063975
KXD1	0.136076594742085
FKBP8	0.00150253929377767
SUGP1	0.0339651498035901
ZNF14	0.485554521774524
PBX4	0.34299328187355
ATP13A1	0.120143419354315
ZNF85_ENSG00000105750	0.181341281041314
ZNF430_ENSG00000118620	0.686498087550655
DDX39A	0.0239613347221186
PKN1	0.774373700147924
TRIR	0.000332282212644572
ADGRE5	0.855469418253182
WDR83	0.0208692573624661
GIPC1	0.312179075230893
ABHD8	0.291909239848336
ADGRE2	0.48864871297649
SIN3B	0.349148503510522
EPS15L1	0.440885127486528
KLF2	0.368731337428235
MAU2	0.685608421897788
NCAN	0.937816171558645
GTPBP3	0.131589893351298
PLVAP	0.0933292046708806
BST2	0.84889798809316
SLC27A1	0.709075747311329
USHBP1	0.192841770548327
COLGALT1	0.762291174303092
DDA1	0.00886765712025224
MRPL34	0.0189263444320686
PGLS	0.945529041991841
FCHO1	0.499286218741186
UNC13A	0.666361900694365
MAP1S	0.642262223896817
SSBP4	0.216447216637362
PGPEP1	0.146893415429549
IQCN	0.901678947980888
_ENSG00000130520	0.420743132635852
JUND	6.76429991799308e-06
HAUS8	0.896564722907902
ADGRE3	0.625839017290262
PODNL1	0.396804347354262
DNAJB1	1.83000029710315e-07
ZSWIM4	0.411358357847616
FBXW9	0.971157289925957
RFX1	0.413057410247919
C19orf57	0.644033231957032
DCAF15	0.301851298166291
CC2D1A	0.327198449375354
CACNA1A	0.000224588574523252
MISP3	0.984834103414084
SAMD1	0.270233546412406
BRD4	0.291718467522986
MVB12A	0.335648910260514
_ENSG00000141979	0.0326781567825681
CPAMD8	0.00203588225896583
NR2F6	0.721888549246479
ZNF66_ENSG00000160229	0.969824145022533
ZNF714	0.438230312145907
NACC1	0.969355797661528
IER2	5.75117605934309e-07
ZNF333	0.276320517993586
PGLYRP2	0.0423928472607116
SYCE2	0.512607764712948
TPM4	0.00236710223407694
RAB8A	0.797412072505224
NIBAN3	0.203697972693334
KLHL26	0.183437800151727
GATAD2A	0.359499573449205
JUNB	5.94592702606408e-06
CYP4F22	0.523130498620099
ZNF738	0.648514282810998
ZNF791	0.233030530716068
RPL10P16	0.578314648929566
FARSA	0.0834592320069661
CALR	0.120290453226878
RAD23A	0.000671180105154033
GADD45GIP1	0.0274319429204198
SLC25A42	0.00265161578060631
ZNF101	0.279574628341706
ZNF708	0.465946047923649
NR2C2AP	0.393934535900407
NDUFA13	0.165138293934157
NANOS3	0.152665025829616
ZNF490	0.816339596135904
NWD1	0.0130832638445911
ZNF626	0.104042140332877
OR7A5	0.0514201779645257
ZNF493	0.356624412800717
HSH2D	0.625839017290262
ZNF431	0.907307149942746
ZNF429	0.589291816139743
ZNF682	0.397164509867502
GET3	0.347478576304298
ZNF90	0.90056743260908
UBA52	0.00379935247879039
ZNF826P	0.112477778012503
ZNF737	0.0499147571896125
YJEFN3	0.0307122501006255
MPV17L2	0.639202119616201
ZNF486	0.393862515202034
ZNF253	0.515023034549998
LINC01841	0.68946988081382
_ENSG00000267033	0.29280227211569
_ENSG00000267169	0.272663170797176
_ENSG00000267275	0.641979730407701
_ENSG00000267379	0.368273735350703
_ENSG00000267383	0.0951237360240905
ZNF56	0.87921858028897
_ENSG00000267458	0.120365736570274
_ENSG00000267581	0.152839951192526
_ENSG00000267723	0.933736639102331
_ENSG00000268030	0.344220774853639
_ENSG00000268056	0.368273735350703
_ENSG00000268081	0.460107934510071
_ENSG00000268112	0.39776374750586
_ENSG00000268119	0.0329208075375444
_ENSG00000268650	0.20416079026741
_ENSG00000268945	0.144215001727512
_ENSG00000269145	0.329226493270275
_ENSG00000269237	0.915263157389035
_ENSG00000269427	0.130720245790407
_ENSG00000269439	0.160831260367915
_ENSG00000269481	0.0501010748294217
_ENSG00000279529	0.0778561925533489
ARHGAP33	0.0534897501754896
DPF1	0.00215254893171103
ZBTB32	0.489089491859393
TYROBP	0.839723938858706
CD22	0.799504382325091
SLC7A9	0.425791716603096
WDR62	0.426424380641292
GPATCH1	0.391220328659168
FXYD5	0.369189293096344
ZNF302	0.180047646773699
GRAMD1A	0.351814028975656
KCNK6	0.810192948357246
CATSPERG	0.507490157260006
PSMD8	0.337138769900574
MAP4K1	0.606916756961387
ECH1	0.00977078491386001
POP4	0.0579530655834402
CCNE1	0.344578962984235
URI1	0.0713988904867098
PDCD5	0.0620121227931913
ANKRD27	0.923053835077812
GPI	0.181258862839845
TBCB	0.0376356577247054
POLR2I	0.143935086494162
CLIP3	0.884586370130768
APLP1	0.131271142421231
TMEM147	0.57981896278053
MAG	0.689894793789869
USF2	0.686554684433568
LSR	0.505308522423654
HPN	0.802907441913405
SCN1B	0.22041380648118
SIPA1L3	0.687341079079817
ZFP30	0.160679944468914
CEP89	0.0230924892284373
TSHZ3	0.238854730803567
PEPD	0.426003107856845
CHST8	0.89451209969879
LRFN3	0.357848824167555
CAPNS1	0.605776122186549
PDCD2L	0.927887463751192
RBM42	0.122184922240656
UBA2	0.527974815243689
COX6B1	0.118651545697089
FAM98C	0.56827414738451
ACTN4	0.891658329937584
SLC7A10	0.725279786463302
LRP3	0.97883098923389
RHPN2	0.0951931607689171
C19orf12	0.500082851576297
ZFP14	0.409143709970059
WTIP	0.904173748500423
CEBPG	0.840734311261517
KCTD15	0.743473701575014
LGI4	0.147824927883849
ZNF208	0.0797079006405762
DMKN	0.218830796410528
NPHS1	0.39352524397628
THAP8	0.674568040283399
COX7A1	0.41984366437285
ZNF382	0.2128346246293
WDR88	0.10243584835402
KIAA0355_ENSG00000166398	0.0107951851437741
ZNF91	0.593461487020209
PROSER3	0.568035286548513
NFKBID	0.229606020059076
ZNF146	0.709669512592556
PPP1R14A	0.0972124636243411
SPINT2	0.153466050174431
YIF1B	0.434741522729252
ZNF30	0.508256081712452
ZNF507	0.718613557067162
UQCRFS1	0.0784137449083988
LGALS4	0.606008381544219
RASGRP4	0.316037552408282
WDR87	0.136574094727748
ZNF540	0.0304239163879559
ZNF570	0.0219025248834838
TDRD12	0.39184151300909
DPY19L3	0.821481130241722
EIF3K	0.994664514298104
ZNF571	0.012972885990322
ZFP82	0.198914623733108
ZNF875	0.00381909856129975
CAPN12	0.607825740129801
ZNF730	0.451187356711984
ZNF829	0.0228994117523087
ZNF566	0.510780429448757
ZNF529	0.371680860210729
VSTM2B	0.409474514393806
ZNF793	0.228504124086734
ZNF383	0.428376357440897
SPRED3	0.852779328514383
ZNF567	0.413697844725352
ZNF573	0.889779187816452
ZNF527	0.567557709030252
ZNF724	0.572503683533664
ZNF681	0.308006907679576
RYR1	0.220147163248138
ZNF565	0.53402389510972
ZNF569	0.362787511203097
ZNF100_ENSG00000197020	0.552621781110437
ZNF420	0.0748301713575043
ZNF257	0.848862222171998
ZNF98	4.39380572909027e-05
ZNF675	0.288647343039089
ZNF461	0.324938506623652
ZNF181	0.781746961209734
ZNF790	0.52965652302222
ZNF568	0.311574647647351
ZNF43_ENSG00000198521	0.633166581100567
ZNF536	0.831748345120907
SDHAF1	0.0917197052145327
SCGB2B2	0.696483523919564
_ENSG00000213096	0.277592620583137
NUDT19	0.269965989795933
ZNF726	0.89615414242794
ZNF99	0.902234778098886
FXYD7	0.284839785838448
_ENSG00000225868	0.342650322239185
LINC01529	0.342650322239185
LINC01535	0.647045384935867
HPN-AS1	0.305520557359655
_ENSG00000228629	0.740098411144003
LINC00665	0.886407405667974
ZNF529-AS1	0.351008891324577
TMEM147-AS1	0.518319052063177
ZNF585B	0.489089491859393
CEBPA	0.460686554189714
HAUS5	0.645984763545321
ZNF345	0.0528770210633467
ZNF260	0.338100219942621
LSM14A_ENSG00000257103	0.475087216479244
LINC00662	0.0229829848012779
_ENSG00000264515	0.635317005591422
ZNF793-AS1	0.860932999665723
_ENSG00000266953	0.423021354133025
ZNF850	0.349863960993013
_ENSG00000267053	0.572305403327207
_ENSG00000267152	0.634703118281967
_ENSG00000267219	0.637294531644262
_ENSG00000267243	0.342650322239185
ZNF790-AS1	0.174766847943269
_ENSG00000267345	0.89204988512548
_ENSG00000267360	0.873317530190521
_ENSG00000267388	0.0780931516889751
_ENSG00000267389	0.0999054347185755
_ENSG00000267422	0.0556985002655901
_ENSG00000267475	0.0780931516889751
LINC01837	
_ENSG00000267509	0.136574094727748
_ENSG00000267552	0.203604701578834
_ENSG00000267605	0.573875416407613
_ENSG00000267640	0.857029746603027
_ENSG00000267662	0.486551854251035
_ENSG00000267698	0.999526586998249
_ENSG00000267748	0.574923224124175
_ENSG00000267786	0.48864871297649
SNX6P1	0.900011747894475
_ENSG00000267924	0.806667694730469
_ENSG00000268981	0.462897534352869
IPO5P1	0.202094984511021
_ENSG00000271366	0.572828514272951
KMT2B	0.678179461798719
PAF1	0.0352535978846595
MARK4	0.977188480726934
TRAPPC6A	0.00306301138666776
PGLYRP1	0.505308522423654
GIPR	0.144637872852466
PLAUR	0.494988974540393
QPCTL	0.0270199863351255
PPP5C	0.937310882756149
ERCC1	0.945494180413235
PSMC4_ENSG00000013275	0.0616132700612589
EHD2	0.993386842931447
POU2F2	0.258933994266795
AP2S1	0.365175482250543
ZNF112	0.764646087673651
MED29	0.0171395528934056
SIRT2	0.967570963276583
PVR	0.324247758523352
XRCC1	0.0569894457513706
ARHGEF1	0.0959525138436788
SNRPA	0.16545661267177
EXOSC5	0.479097147759851
CEACAM1	0.697694383367968
CIC	0.43039371196898
LIPE	0.899883110347794
PAFAH1B3	0.64264872444432
ITPKC	0.0948706289277609
LTBP4	0.0675461133203174
BLVRB	0.0655415898343519
STRN4	0.21577066994116
PLEKHG2	0.892460182613431
DLL3	0.426107980120578
HNRNPL	0.893108204162661
NFKBIB	0.631403489024721
SARS2	0.563550861470432
CLPTM1	0.218705316147099
RELB	0.382007749583523
CLASRP	0.223436382643494
CKM	0.0573814662367389
PPP1R13L	0.433581601526274
ERCC2	0.230026239997785
DMPK	0.301047689738454
RSPH6A	0.394199961359589
NOVA2	0.494074650237086
CCDC61	0.147549138618348
RPS16	0.0270247886380411
TIMM50	0.870299346628885
FBL_ENSG00000105202	0.718347822832386
DYRK1B_ENSG00000105204	0.891019985368985
CLC	0.57335185203678
AKT2	0.0363317801135699
PLD3	0.49311615901377
PRX	0.572828514272951
NUMBL	0.33047189284714
PRKD2	0.835295668838439
CCDC9	0.646411454060977
HNRNPUL1	0.137944815910942
BBC3	0.884675327256023
TGFB1	0.0355050272688362
DMAC2	0.286119603695974
RPS19	0.0285610345249843
NOP53	0.881804258733386
CRX	0.505308522423654
SULT2A1	
NAPA	0.00341665534600159
RABAC1	0.023975976374173
ATP1A3	0.824980980765769
MEIS3	0.907597169576158
MEGF8	0.223038752886982
CARD8	0.855740557267481
LIG1	0.201995593214873
PLA2G4C	0.121544684895413
GSK3A	0.276220201661982
ZNF574	0.348357901198361
GRIK5	0.953515699838569
ETHE1	0.923694151788906
CADM4	0.36864248872506
SMG9	0.303643024606731
CD3EAP	0.022326412290931
ZNF541	0.39352524397628
SLC8A2	0.573163288385528
KPTN	0.406798617577807
B9D2	0.459110904788164
COQ8B	0.783821058619676
HIF3A	0.14580826027133
ZNF45	0.97516973222791
PSG8	0.0345132223442489
CEACAM8	0.163036600917794
FOSB	0.000336572276311769
OPA3	0.0844016113538184
SNRPD2	7.20267451285481e-05
RTN2	0.299108067190217
EML2	0.373272995205249
VASP	0.118283619684214
SYMPK	0.597447912562178
ZNF780B_ENSG00000128000	0.0606321492455833
LRFN1	0.661277183365075
ZFP36	0.198072379710305
MRPS12	0.00521261089251343
NECTIN2	0.471726611627479
APOE	0.130563990219455
TOMM40	0.0749126665749172
APOC1	0.067216266157205
PAK4	0.978130833722265
TMEM160	0.0264774920138347
ZC3H4	0.814384295175981
NPAS1	0.735980734663241
GMFG	0.0780466223909444
MAP3K10	0.675585383287073
ZNF227	0.71544569116242
ZNF428	0.111601456410692
TEX101	0.342650322239185
DHX34	0.86084049449969
C5AR2	0.625839017290262
CCDC97	0.506044990916573
SAE1	0.0505607517539828
CBLC	0.342650322239185
LYPD5	0.896975331089556
ZNF230	0.219696043786173
ZNF221	0.117847832809371
ZNF233	0.606916756961387
ZNF235	0.0551424164154237
ARHGAP35	0.186197978101974
CALM3	0.000624402321799396
C19orf47	0.0429755427307719
HIPK4	0.368273735350703
SHKBP1	0.466339232743009
_ENSG00000160460	0.71954068031278
DEDD2	0.112898121281691
FBXO27	0.669477976006719
ZNF226	0.095805931196696
ZNF180	0.809424546012694
AXL	0.907559786360978
TMEM145	0.59853207173755
ZNF526	0.636553673357614
ZNF283	0.341903484398079
IRF2BP1	0.380041177909631
TTC9B	0.00577370260594213
MYPOP	0.968173023089878
ZNF404	0.0610416741362849
EID2	0.359505691435189
EID2B	0.282585753911467
ZNF575	0.0272804123897
PHLDB3	0.509537582470979
FBXO46	0.394220947877937
ZNF114	0.167617437812936
TPRX1	0.203235919259751
SELENOW	0.00473149064113325
SAMD4B	0.425100148071308
NKPD1	0.342650322239185
FKRP	0.219273665038963
PNMA8A	0.228896598820376
ACP7	0.368273735350703
_ENSG00000186019	0.882755027222284
CEACAM19	0.34900285015772
ZNF546_ENSG00000187187	0.978317084747174
BCAM	0.0174800689139905
RINL	0.919573876223222
C19orf54	0.134166873611928
CXCL17	0.202774629484614
SUPT5H	0.00652163691406337
SERTAD1	0.316270707490721
DACT3	0.042592502343351
C5AR1	0.00984093703039682
IGFL4	0.779144045697299
ZNF155	0.957330327414544
PPM1N	0.29280227211569
LIPE-AS1	0.829516915713052
IGSF23	0.608280459267516
PSG7	0.919573876223222
PSG8-AS1	0.344937388829715
SRRM5	0.0230090588428899
_ENSG00000227606	0.179303947260563
PPP5D1	0.733907850734314
CEACAM22P	0.858756618290783
PINLYP	0.228238699989795
BHMG1	0.342650322239185
PSG4	
DACT3-AS1	0.4488087122041
_ENSG00000255730	0.392514480229007
CYP2A6	0.625839017290262
_ENSG00000256294	0.800324519184182
CYP2B7P	0.29280227211569
INAFM1	0.354441109790398
CCER2	0.638424299985067
ZNF234	0.479097147759851
_ENSG00000266903	0.182139827995309
_ENSG00000267022	0.48864871297649
_ENSG00000267058	0.114011670850547
_ENSG00000267114	0.391505292082822
_ENSG00000267173	0.637665096818348
_ENSG00000267191	0.275823843560898
_ENSG00000267282	0.202774629484614
GEMIN7-AS1	0.86966035599534
ZNF224	0.635957236992147
_ENSG00000267922	0.236635294512663
_ENSG00000268034	0.113646707744456
NAPA-AS1	0.396804347354262
_ENSG00000268401	0.0681700706365031
IGFL2-AS1	0.269493119016605
_ENSG00000268797	0.518910820018603
_ENSG00000268833	0.281425037177896
_ENSG00000269124	0.0632462330750797
FBXO17	0.826502762157612
_ENSG00000269292	0.868175702609242
_ENSG00000269534	0.572828514272951
NOP53-AS1	0.924093266864402
_ENSG00000269729	0.62443404830482
_ENSG00000269749	0.488080071557154
BICRA-AS1	0.896975331089556
FCGBP_ENSG00000275395	0.6510390221089
_ENSG00000277383	0.884195188280769
PNMA8C	0.135676036486186
_ENSG00000279161	0.574923224124175
FUZ	0.428530485697336
PNKP	0.357128693391959
POLD1	0.738937606760991
SLC6A16	0.0203762038016619
SPHK2	0.00418884053425961
RPL18	0.00214221558337959
CA11	0.0190204829247752
MYBPC2	0.179303947260563
PPP1R15A	0.00621999966746092
HSD17B14	0.0115669775194248
FTL	0.0304515188900214
BAX	0.337867953370016
SULT2B1	0.466902798099526
CNOT3_ENSG00000088038	0.435524453699934
TULP2	0.136574094727748
NUCB1	0.584778307311197
DHDH	0.344937388829715
GYS1	0.3483817516752
SNRNP70	0.0407523709730954
LIN7B	0.254410796610171
FCGRT	0.0402714320310723
PIH1D1	0.224917237383886
SLC17A7	0.148165453801044
TBC1D17	0.0881911737958919
PTOV1	0.911162722061595
MED25	0.418385572282318
VRK3	0.237498233233031
MYH14	0.00480558163351508
ETFB	0.0957568178663642
KDELR1	0.787749402755032
CYTH2	0.407278736985863
GRWD1	0.84107116045867
GRIN2D	0.769193372843969
SYNGR4	0.941897840424846
CLEC11A	0.750535452697119
ZNF175	0.770812002190176
HAS1	0.0999054347185755
DBP	0.795430599267839
RASIP1	0.741259807729393
BCAT2	0.343943452212622
PLEKHA4	0.290857776011614
PPP2R1A	0.973939914413803
CACNG7	0.826300129281489
LENG1_ENSG00000105617	0.0547429058639836
PRPF31_ENSG00000105618	0.835321359756003
TFPT_ENSG00000105619	0.0276377357640281
MBOAT7_ENSG00000125505	0.0413780928538189
IRF3	0.239164194028705
PRMT1	0.385445574003888
SCAF1	0.30130884917621
PRR12	0.849961536211152
TSKS	0.0335651909420408
PRKCG	0.142502478589267
TRPM4	0.596418023199211
ZNF331	7.71509953562075e-06
KCNC3	0.213052741657824
NR1H2	0.845076729567476
LRRC4B	0.223743745653624
EMP3	0.815599757615544
LMTK3	0.113323973217464
NLRP12	0.918209685830619
CACNG8	0.43605754712293
ZNF473	0.377547791938371
FAM71E1	0.0391900400871802
RPS11	0.000954488695001385
RPL13A	0.537958967388935
CTU1	0.974823842788606
NOSIP	0.0330197991713934
IGLON5	0.246557545577243
RCN3	0.504139582569981
ZNF614	0.163633891457409
ZNF761	0.64163774559977
ZNF577	0.713047866019323
TMEM143	0.525734133145811
EMC10	0.979576466315391
JOSD2	0.534532982840582
SHANK1	0.419508147077449
ZNF610	0.349218001566227
ZNF528	0.711554145377335
ZNF701	0.0230738797191322
TMC4_ENSG00000167608	0.918891751183636
LAIR1_ENSG00000167613	0.226473360169224
TTYH1_ENSG00000167614	0.00309612855161781
C19orf48	0.930164776372272
KLK5	0.941897840424846
KLK6	0.203466850489067
ZNF83	0.343303878070956
KLK7	
ATF5	0.872888837020757
CPT1C	0.151094268214961
RPS9_ENSG00000170889	0.0192182853781266
TSEN34_ENSG00000170892	0.699292487009107
NDUFA3_ENSG00000170906	0.717364410100663
ZNF160	0.451277258417793
ZNF415	0.699558967414194
FPR1	0.179303947260563
FUT1	0.179303947260563
ZNF613	0.63686984830732
MAMSTR	0.385701358176233
FUT2	0.649115607130347
PPFIA3	0.848843893391846
MYADM	0.328565443000202
SPACA6	0.653607596418344
KCNJ14	0.0551362678458796
ZNF320	0.553574571593907
RUVBL2	0.426227410872152
VSIG10L	0.62443404830482
VSTM1_ENSG00000189068	0.884675327256023
ZNF600	0.884195188280769
ZNF766	0.269806307901096
ZNF765	0.137729721681892
AP2A1	0.00502829155357125
ZNF665	0.187438730069117
ZNF615	0.258681581169109
ZNF677	0.891846141876856
ZNF347	0.556364668548474
ZNF649	0.900011747894475
ZNF480	0.579550803921026
ZNF808	0.227010712049302
ZNF28	0.042459010450716
ZNF534	0.858785781624363
ZNF525	0.268585263028295
ZNF616	0.572503683533664
ASPDH	0.155846839790941
_ENSG00000204666	0.918891751183636
ZNF611	0.0629693763423124
SYT3	0.562746598591424
_ENSG00000213777	0.29280227211569
ZNF880	0.765303455459581
ADM5	0.606008381544219
MYADM-AS1	0.00402395951946921
SEPTIN7P8	0.0228994117523087
_ENSG00000232220	0.368731337428235
SEC1P	0.865981425825421
C19orf81	0.570849620222499
NUCB1-AS1	0.032990842946133
ZNF702P	0.144637872852466
_ENSG00000255875	0.0881162690793866
ZNF432	0.276208909890166
ZNF350	0.0759653297964828
ZNF578	0.926369583963977
NDUFV2P1	0.0814492501056999
_ENSG00000267827	0.393862515202034
_ENSG00000267890	0.809185336705294
PTOV1-AS1	0.647326929584466
_ENSG00000268015	0.902234778098886
_ENSG00000268093	0.918209685830619
_ENSG00000268686	0.342650322239185
_ENSG00000269102	0.345296052371122
ZNF350-AS1	0.0792350757690416
_ENSG00000269535	0.018478540590437
DPPA5P1	0.0999054347185755
ZNF528-AS1	0.798076219928861
_ENSG00000275210	0.077974598829448
ZNF582	0.353933062025963
NLRP2_ENSG00000022556	0.20231410288409
ISOC2	0.518435429974999
U2AF2	0.496821024509685
EPN1	0.855591149189785
ZFY	0.234667447623508
PTPRH	0.572828514272951
SLC27A5	0.119205436092137
ZNF324	0.390780514902966
ZNF671	0.451515289340433
ZNF586	0.0290065957277107
ZNF446	0.0443106000759422
ZNF264	0.248765025423422
RPS5	0.186236212421063
GP6_ENSG00000088053	0.18067329031772
NAT14	0.864711691721582
TBL1Y	0.144849664408153
MZF1	0.927151829923662
PCDH11Y	0.741434242802357
PRKY	0.118563780650779
TNNT1	0.974148634931843
PPP6R1	0.779515277453386
UBE2S	0.0419237315280797
RPL28	0.0539420818296789
ZBTB45	0.500756758958064
ZNF549	0.96257745863893
ZSCAN18	0.442357316977101
ZNF211	0.210487670775369
PPP1R12C	0.819187807644041
ZNF835	0.853265985494051
RPS4Y1	0.00880155281384615
SYT5	0.0077820386186964
CHMP2A	0.89631011497437
UBE2M	0.649225539001433
TRIM28	0.175897495675557
_ENSG00000131845	0.825700374160655
ZSCAN5A	0.365560633268368
ZNF132	0.130899108018987
KMT5C	0.613295886489311
HSPBP1	0.0134650733623798
ERVK3-1	0.465916800763344
ZNF787	0.647284221238979
ZNF773	0.450596666021524
ZNF776	0.645016743669772
ZSCAN1	0.103195769639314
ZNF837	0.0921199739527901
RDH13_ENSG00000160439	0.369647602289817
BRSK1	0.182856793097777
ZNF606	0.628578810538346
ZNF667-AS1	0.0168571012108125
LENG8_ENSG00000167615	0.395055263753355
NLRP7_ENSG00000167634	0.0678911271561654
DNAAF3	0.900011747894475
ZNF444	0.528801600837152
ZNF524	0.640612247456843
NLRP5	0.488208148287479
ZNF584	0.180854856381636
ZNF274	0.507178187888704
ZIK1	0.246557545577243
CCDC106	0.345929421730497
ZNF135	0.208548474776391
_ENSG00000176593	0.0592419381650986
C19orf18	0.470419307912717
ZNF543	0.504674702391583
ZNF552	0.44981548315977
NLRP8	0.136574094727748
ZNF154	0.814457484064775
FIZ1	0.27298495213182
SSC5D	0.851026803445116
TMEM150B	0.918891751183636
TMEM86B	0.88110923622434
ZNF329	0.260791776581731
ZSCAN22	0.918209685830619
ZNF749	0.219937461619353
FCAR_ENSG00000186431	0.941897840424846
SHISA7	0.459425792908579
ZNF471	0.0668250601873525
ZNF418	0.797160841619743
ZFP28	0.849944371428911
ZNF470	0.187527104342269
ZNF628	0.505308522423654
ZNF460	0.830133019465011
ZNF71	0.6898360276416
ZNF667	0.0257261054838356
ZNF583	0.538610699499355
ZNF587	0.208556532803264
ZNF814	0.529490271072711
ZNF805	0.643348428477209
CENPBD1P1	0.0334509464351586
ZNF134	0.190572358150591
ZNF579	0.264258867137579
LENG8-AS1_ENSG00000226696	0.674018144960082
_ENSG00000229308	0.573875416407613
LINC00278	0.606875310654968
ZNF542P	0.85104880088903
ZNF324B	0.942864538802018
ZNF550	0.144003921875799
ZNF865	0.982858911561423
_ENSG00000267216	0.0681700706365031
_ENSG00000267265	0.387972754218966
ZNF582-AS1	0.29280227211569
_ENSG00000267549	0.130899108018987
_ENSG00000267577	0.342650322239185
EDDM13	0.202956677729916
MZF1-AS1	0.465306661084046
ZNF460-AS1	0.949795109865333
_ENSG00000268163	0.838617261814606
SMIM17	0.897796630123009
_ENSG00000268205	0.852555625200685
_ENSG00000268392	0.941897840424846
_ENSG00000268516	0.580752220616577
_ENSG00000268533	0.956115303718605
MIMT1	0.62443404830482
_ENSG00000268713	0.634929043482197
_ENSG00000268750	0.393188147716319
A1BG-AS1	0.39184151300909
_ENSG00000269026	0.0833806360431566
_ENSG00000269054	0.6832565701167
_ENSG00000269476	0.942864538802018
_ENSG00000269696	0.905922423879034
ZIM2	0.207380054655934
ZIM2-AS1	0.0319287576795885
_ENSG00000270804	0.168961345435859
_ENSG00000276449	0.885155508586149
KDM5D	0.0641822131628674
BID	0.0964685463916686
DDX3Y	0.0250788563670934
HDHD5	0.027341915974033
ADA2	0.381028910298987
CECR2	0.404194842413896
BCL2L13	0.226116915065814
TPTEP1	0.0959555398126753
USP9Y	0.75935403493424
TXLNGY	0.152679427639893
ATP6V1E1	0.00305412926491881
NLGN4Y	0.0247600813355071
TTTY14	0.0430833839736123
IL17RA	0.768457802332263
SLC25A18	0.0739897635240654
TMEM121B	0.345654953589252
TUBA8	0.151904449127661
UTY	0.123624109702619
USP18	0.624096059723033
HDHD5-AS1	0.905462464734754
EIF1AY	0.230938084128593
GYG2P1	0.0109088390356585
DUXAP8_ENSG00000206195	0.29280227211569
PEX26	0.46614940877181
PSMA6P1	0.792187712926277
TPTE2P4	0.62443404830482
RBMY1J	0.573875416407613
XGY1	0.871602981939122
TTTY10	0.501275525972945
PPP1R12BP1	0.918209685830619
LINC01664	0.368731315377875
CECR7	0.621915248513805
ANOS2P	0.854788556255975
MICAL3	0.223896772730983
_ENSG00000280007	0.626532970601081
RTN4R	0.210797432153979
UFD1	0.365357186867024
CLTCL1	0.906310646036516
DGCR2	0.89003258249695
COMT	0.126057170345889
ARVCF	1.70749124871268e-06
TRMT2A	0.805214040944778
RANBP1	0.171198518206364
ZDHHC8	0.0317669069726771
KLHL22	0.93667763829536
MED15	0.0973324482465402
SERPIND1	0.0780931516889751
SNAP29	0.236593129657969
CRKL	0.202674167381621
LZTR1	0.585029879818702
SMARCB1_ENSG00000099956	0.652438751126157
P2RX6	0.898344988869581
SLC7A4	0.29280227211569
DDT_ENSG00000099977	0.260394026115785
CABIN1_ENSG00000099991	0.161594434092633
GGT5	0.504674702391583
PPIL2	0.543865232992981
UPB1	0.919573876223222
YPEL1	0.503239412358492
SNRPD3	0.980258468825737
MAPK1	0.849180968216142
GGT1	0.898207320757285
PRODH	0.287091288562475
PPM1F	0.396530221569385
TOP3B	0.806422301750135
ESS2	0.196743859293572
CRYBB2P1	0.0120808465411941
LRP5L	0.784027562502122
SLC25A1	0.819525942632396
GRK3	0.262433173396664
HIRA	0.827530326649517
SEZ6L	0.229314424376579
HPS4	0.306806047871207
SRRD	0.139318442854319
TFIP11	0.503127913548663
RSPH14	0.626939520049505
RAB36	0.501492889081456
DGCR6L	0.160276345600869
DGCR8	0.630375793469787
ASPHD2	0.985734948734122
SDF2L1	0.229815727818531
GNAZ	0.740766735558895
TPST2	0.297208869734351
GSTT2B_ENSG00000133433	0.326806853052235
MYO18B	0.0322338183122489
ZDHHC8P1_ENSG00000133519	0.208014609629085
GUCD1	0.496840424809288
TUBA3FP	0.260237782778332
YDJC	0.633765758880087
SGSM1	0.217711447284927
HIC2	0.827599407754762
BCRP2	0.0958866483517911
LRRC75B	0.477515266018036
ADORA2A-AS1	0.392514480229007
PI4KAP2	0.840397491222493
TANGO2	0.00288585338137521
DGCR6	0.483780087486572
CLDN5	0.653423091217616
THAP7	0.0576277372651178
TXNRD2	0.173857294793359
PIWIL3	0.368273735350703
SEPTIN5	0.0816630289349582
ZNF74	0.459425792908579
MRPL40	0.786356865227085
UBE2L3	0.168284297779278
GNB1L	0.0821304621273742
BCR	0.149624278004582
ZNF70	0.856866098435128
DRICH1	0.128785731590437
KIAA1671	0.420595505043273
GGT3P	
KIAA1671-AS1	0.202525497203047
_ENSG00000206028	0.0422607824841435
TMEM211	0.449404253634236
TMEM191C	0.740679035564108
P2RX6P	0.269120626528756
BCRP3	0.31660203281484
FAM230B	0.862885906979573
SMPD4P1	0.51553914235068
_ENSG00000224086	0.393862515202034
MIAT	0.366772235108904
TMEM191A	0.342650322239185
GUSBP11	0.00537655226907361
THAP7-AS1	0.344937388829715
_ENSG00000236540	0.229181304934533
LINC01637	0.466620968208065
DGCR5	0.653066691486167
PI4KA	0.289210505503721
SCARF2	0.0335651909420408
MIATNB	0.666473442295212
CRYBB2	0.0422607824841435
CHCHD10_ENSG00000250479	0.00875289269706464
_ENSG00000251357	0.0321736464251667
IGLL5	0.62443404830482
_ENSG00000261188	0.345296052371122
_ENSG00000272733	0.806667694730469
_ENSG00000272973	0.0776198192595492
_ENSG00000274422	0.544229338132053
PI4KAP1	0.356716446031973
ZNF280B_ENSG00000275004	0.0271243711058471
TMEM191B	0.504041301712958
_ENSG00000279110	0.994285913179929
_ENSG00000279278	0.344220774853639
PCAT14	0.640947211004059
TBC1D10A	0.0942175461218233
SF3A1	0.940709659926527
RNF215	0.777389286249244
SEC14L2	0.0609225626819548
PES1	0.709235213343361
SLC35E4	0.612998356413023
CYTH4	0.643006140256606
GGA1	0.259017143633683
SH3BP1	0.860932999665723
LGALS1	4.4578004020021e-08
PIK3IP1	0.0344969235130151
_ENSG00000100101	0.740679035564108
PATZ1	0.89111029383957
GCAT	0.0429796229234335
ANKRD54	0.497288083199753
EIF3L	0.517011366176353
SNU13	0.063682471510455
MICALL1	0.193874303023825
POLR2F	0.356765044797867
SOX10	0.449404253634236
CCDC134	0.0195822886028064
DEPDC5	0.0521642139784092
PICK1	0.604716938141451
TTC28	0.548752280820972
SLC16A8	0.0573814662367389
SLC5A4	0.504674702391583
KDELR3	0.919573876223222
DDX17	0.000164633326285433
DMC1	0.427374403878461
HSCB	0.43283011585293
CBY1	0.173197900851996
TOMM22	0.0501068639819096
XBP1	0.732296669008897
RTCB	0.171731930007706
JOSD1	0.924359484829772
FBXO7	0.713580747640532
GTPBP1	0.0390774277588252
TIMP3	0.251758138348505
SUN2	0.566687175356533
RHBDD3	0.737379487672344
RASL10A	0.820249276182427
AP1B1	0.968947841627864
HMGXB4	0.158635966800386
TOM1	0.997612966338293
NEFH	0.870417785132928
THOC5	0.246375247233121
RASD2	0.396804347354262
CBX7	0.784287882230043
PDGFB	0.573331567760901
RPL3	0.113348607737372
ZMAT5	0.219562757751177
RBFOX2_ENSG00000100320	0.637205384816745
SYNGR1	0.775101994086857
TAB1	0.133940461463557
ASCC2	0.43984725060439
MTMR3	0.235735920576339
MIEF1	0.752578069779507
MYH9	0.335275867821439
CACNA1I	0.499286218741186
TXN2	0.959674769867236
FOXRED2	0.796407035218365
GRAP2	0.573331567760901
EIF3D	0.710164108424041
TNRC6B	0.0792531852969822
SGSM3	0.148937392996728
IFT27	0.509207342588602
PVALB_ENSG00000100362	0.327695117242031
SLC25A17	0.997831190974341
KCTD17	0.976147896147992
ST13	0.579054015013241
RBX1	0.776720947503572
EP300	0.652326437784446
L3MBTL2	0.419010709555158
CHADL	0.0795750449047475
RANGAP1	0.0158804714729228
ZC3H7B	0.848395464427557
PHF5A	0.930977199262038
ACO2	0.11649232963071
POLR3H	0.6897852385483
PMM1	0.833562763453186
DESI1	0.501065297474007
GAL3ST1	0.857766595216948
YWHAH	1.25822583801725e-05
RFPL2	0.269493119016605
MGAT3	0.992388913966957
ATF4	0.475692429201358
CDC42EP1	0.745749633657244
MCHR1	0.918209685830619
BAIAP2L2	0.0143138276215131
MPST	0.354212096532511
TST	0.700446206686662
APOL2	0.599531911234609
C22orf23	0.271625004413794
MORC2	0.0560757464632672
LARGE1	0.360423902137408
C1QTNF6	0.296962852811966
FAM83F	0.269865965127032
RNF185	0.296244468549803
CCDC117	0.344937388829715
CACNG2	0.223284986803878
DUSP18	0.416741433900187
TEF	0.425065567580631
MEI1	0.605554422094901
KCNJ4	0.0955796577457338
MN1	0.313852299481413
CSDC2	0.924052576668768
ENTHD1	0.269120626528756
HORMAD2	0.857029746603027
ZNRF3-AS1	0.0107012757372319
PITPNB	0.169133414609754
LIMK2	0.413062946713795
EWSR1	0.720504196764546
PRR14L	0.361657976264046
ZNRF3	0.119495601075939
CBX6	0.815114303876414
CHEK2	0.17949302467675
TOB2	0.0261291215129198
SMTN	0.036922268152836
UQCR10	0.00786775386886295
NIPSNAP1	0.5220779240513
C22orf46	0.15075517675687
PLA2G6	0.170183014277157
BPIFC	0.898207320757285
EIF4ENIF1	0.929681722353848
OSBP2	0.484142964595521
FAM227A	0.584075667385262
MAFF	0.426424380641292
INPP5J	0.0266553595699474
TCN2	0.633118211518364
GAS2L1	0.556767815672633
SYN3	0.492076839318072
DRG1	0.282532101516189
NF2	0.188835854057753
EMID1	0.0278995364556207
RPS19BP1	0.094192281272475
CCDC157	0.137807524863547
H1-0	0.896881641481727
XPNPEP3	0.210911184930733
XRCC6	0.311665749309557
MRTFA	0.543021787506203
SFI1	0.832657968628845
TMEM184B	4.15103969151438e-05
SELENOM	0.0038032362188311
RFPL3S	0.29280227211569
CSNK1E	0.417561814154993
NPTXR	0.455047562591367
APOL6	0.143444293768044
_ENSG00000223695	0.87546155154065
LARGE-AS1	0.635705067839945
_ENSG00000225450	0.764974750402547
RFPL1S	0.346045623398074
_ENSG00000226471	0.0188887255366693
_ENSG00000228274	0.447024805876757
PIK3IP1-AS1	0.64594692924388
_ENSG00000229999	0.0656620588317496
_ENSG00000230051	0.268748487602895
_ENSG00000232346	0.000238821270581383
MRTFA-AS1	0.200311763060357
LINC01399	
_ENSG00000233360	0.152060062633854
_ENSG00000233739	0.504041301712958
_ENSG00000234688	0.346014092464655
L3MBTL2-AS1	0.359298319857347
TTC28-AS1	0.615416840308159
MORC2-AS1	0.633224315409053
LINC01643	0.267409762569782
_ENSG00000237214	0.0690685310539467
_ENSG00000237316	
RPS15AP38	0.091520478964837
CASTOR1	0.94178395836072
APOBEC3G	0.637294531644262
ADSL	0.0719964419077334
PISD	0.108837489885117
SLC5A4-AS1	0.704896307830023
_ENSG00000243902	0.179303947260563
TUG1	0.325416214905389
_ENSG00000261675	0.345654953589252
_ENSG00000272720	0.342650322239185
SSTR3	0.136574094727748
_ENSG00000279080	0.0351495450235954
_ENSG00000279652	0.643348428477209
_ENSG00000279833	0.887557041896363
_ENSG00000279927	0.345654953589252
MAPK8IP2	0.922387749708517
TYMP	0.131436833667473
NCAPH2	0.981975140823904
TBC1D22A	0.756164102027986
PHF21B	0.977258308623974
MOV10L1	0.270076469297192
PANX2	0.955805422864134
SELENOO	0.00288796097786618
GTSE1	0.368273735350703
TTC38	0.358545193938144
GRAMD4	0.0559196919396272
CELSR1	0.858980942314085
SMC1B	0.202525497203047
FBLN1	0.613687349859464
RABL2B	0.585066180866149
NUP50	0.320065167949671
SEPTIN3	0.911747104617003
TCF20_ENSG00000100207	0.906592169566401
POLDIP3	0.785767235824532
PPP6R2	0.174712928739743
SBF1	0.0827528015491603
CYB5R3	0.185686414195704
LMF2	0.626620199513535
PACSIN2	0.222169120857384
TTLL1	0.0091198859055619
CHKB	0.858216913102132
MCAT	0.47749328794535
ARSA	0.000595064521601763
TSPO	0.534176479049568
TTLL12	0.219812509380349
PNPLA3	0.15462518891787
SAMM50	0.615316146459409
KIAA0930	0.377293809649297
FAM118A	0.503891270262079
TRMU	0.446571586260683
CERK	0.432400675167495
BRD1	0.320789391064986
ZBED4	0.811178605135721
MLC1	0.655333911212911
HDAC10	0.531528287997168
TUBGCP6	0.266783682352368
SULT4A1	0.147203333244315
ATXN10	0.00885553239007476
SHISAL1	0.489089491859393
HSPA13	0.177260606526858
SAMSN1	0.517676062091354
USP25	0.227315680140538
SCUBE1	0.644499428183058
TRABD	0.24815628817628
SERHL	0.394875378333402
NRIP1	0.31455474042722
OGFRP1	0.941897840424846
RRP7BP	0.0740469229048411
ALG12	0.197000144920963
WBP2NL	0.912102995375673
SMDT1_ENSG00000183172	0.415050233239972
SERHL2	0.997447174963631
CRELD2	0.123731286046582
RPL23AP82	0.517416951475629
NDUFA6_ENSG00000184983	0.0317864308275411
RBM11	0.39352524397628
MAPK11	0.587265045236809
PRR5	0.0925975503589199
MPPED1	0.00279080860187291
PPARA	0.392272559288468
EFCAB6	0.642790984979512
WNT7B	0.690703158594693
MAPK12	0.692276715093102
C22orf34	0.848140947404968
RTL6	0.643717367673574
PARVB	0.389467557012882
TEKT4P2	0.45313493391438
LIPI	0.625136362550862
RRP7A	0.735208383416324
PLXNB2	0.13337576446801
MIRLET7BHG	0.427106150056475
PIM3	0.420179231041424
SREBF2	0.124866478676113
NAGA	0.504726770328183
DENND6B	0.796941195306845
CDPF1	0.624096059723033
CYP2D7_ENSG00000205702	0.344930978006772
LINC00634	0.252997218194657
OLA1P1_ENSG00000213790	0.57335185203678
MIR99AHG	1.02372390653147e-06
ANKRD20A11P	0.0923206338616933
TAFA5	0.157101270751423
EFCAB6-AS1	0.369647602289817
_ENSG00000224271	0.00589010439178399
_ENSG00000224905	0.108863222963584
NUP50-DT	0.763958207502992
_ENSG00000229306	0.342650322239185
_ENSG00000229425	0.179303947260563
_ENSG00000231201	0.625839017290262
RPL5P34	0.0535236290925947
SHISA8	0.810192948357246
_ENSG00000235154	0.29280227211569
NFAM1	0.392851226455996
_ENSG00000235609	0.643495950898513
NDUFA6-DT_ENSG00000237037	0.144614650668811
ARFGAP3	0.595359954167276
PRR5-ARHGAP8	0.270605365502993
SHANK3	0.025090278121277
_ENSG00000260708	0.776421858995941
_ENSG00000270071	0.261955889689826
_ENSG00000270533	0.936356147616075
_ENSG00000272821	0.951585813710727
_ENSG00000273188	0.131436833667473
_ENSG00000273253	0.828549303411568
SMIM11B	0.129364242736457
_ENSG00000274333	0.0751821486109636
U2AF1L5	0.394889740760668
_ENSG00000278931	0.738012814862774
_ENSG00000278932	0.923712265080266
_ENSG00000278996	0.761251439870836
_ENSG00000279064	
_ENSG00000279208	0.0999054347185755
_ENSG00000279687	0.941897840424846
GATD3B	0.360335929452172
_ENSG00000280433	0.638813160133419
_ENSG00000280441	0.14704399896334
_ENSG00000281538	0.204408818423111
_ENSG00000281732	0.573875416407613
PRDM15	0.404684626985704
HUNK	0.251814247412715
IFNAR1	0.271856034936742
SOD1	7.24319402976319e-08
TMEM50B_ENSG00000142188	0.375796778905459
APP	0.0601233833293846
DOP1B	0.690317214372192
URB1	0.145674209503244
CXADR	0.863168267991144
BTG3_ENSG00000154640	0.206056036089541
C21orf91	0.15423028960768
CHODL	0.466797986547984
TMPRSS15	0.808178041316175
NCAM2	0.00588463589720293
MRPL39	0.917654973323339
JAM2	0.400515989050455
ATP5PF	0.0782053619634286
GABPA	0.504791750789263
ADAMTS1	0.606008381544219
ADAMTS5	0.219118939830537
N6AMT1	0.377299009055439
RWDD2B	0.0192475731459205
USP16	0.353106542355194
CCT8	0.607559028196344
MAP3K7CL	0.855469418253182
BACH1	0.361260614989716
TIAM1	0.324074085057505
SCAF4	0.493574751960707
VPS26C	0.18771874650346
DYRK1A	0.503220352603825
KCNJ6	0.217353665295078
ERG	0.427057592554767
ETS2	0.265734619618606
LCA5L	0.642514534958212
MX1	0.34685596826001
C2CD2	0.415154977747498
MIS18A	0.63803575257611
CFAP298	0.0778561925533489
SYNJ1	0.0786247310786195
PAXBP1_ENSG00000159086	0.0222171766940989
IFNAR2	0.0161524804353234
IFNGR2_ENSG00000159128	0.973900128533785
GART_ENSG00000159131	0.755735954244694
SON	3.41200132239804e-08
DONSON	0.0497537650523143
RCAN1	0.519101159441203
RUNX1	0.510002486008941
CBR1	0.187286274411782
CBR3	0.7214768622314
MORC3	0.635324562066922
CHAF1B	0.504674702391583
CLDN14	0.62443404830482
HLCS	0.123022233532954
ABCG1	0.962133447278979
RSPH1	0.00990187366644408
SLC37A1	0.252783641568321
PDE9A	0.129216075257563
WDR4	0.518881024640378
NDUFV3	0.223975477640694
PKNOX1	0.198218295139799
U2AF1	0.666064357141743
CYYR1	0.505308522423654
EVA1C	0.17981171327817
GRIK1	0.0061063382911357
DSCAM	0.0823105934742437
ZBTB21	0.31096681296911
UMODL1	0.918891751183636
DNAJC28_ENSG00000177692	0.636924057131492
KCNE1	0.246323789710582
GET1	0.393858111065857
BACE2	0.00517091907076871
TTC3	0.221429428384812
KRTAP13-2	0.942864538802018
PCP4	7.93531647443775e-13
IGSF5	0.0712714869837974
MX2	0.202956677729916
PSMG1	0.85781012074382
B3GALT5	0.452761286392544
DSCR4	0.219407355593487
OLIG1	0.240758326412136
UMODL1-AS1	0.0819495422937311
LINC00158	0.324388262737568
SH3BGR	0.451227310088702
BRWD1	0.553440763308825
PIGP	0.384517453698149
SETD4	0.608719964271993
CYYR1-AS1	0.0351495450235954
PPIAP22	0.00477504607160485
LTN1	0.673442795797984
HMGN1	0.850971922372238
_ENSG00000205622	0.269120626528756
ITSN1	0.00514858505625046
OLIG2	0.166753503867456
C21orf62_ENSG00000205929	0.169574878159175
C21orf62-AS1_ENSG00000205930	0.878058412608138
_ENSG00000222042	0.489971691754021
_ENSG00000223563	0.900011747894475
MIR548XHG	0.858216913102132
_ENSG00000224541	0.0421290659315407
RPS5P2	0.808178041316175
LINC00320	0.293645426917274
_ENSG00000225218	0.0387775781450748
_ENSG00000225330	0.986308237752998
_ENSG00000226043	0.269493119016605
LINC01692	0.396804347354262
_ENSG00000227757	0.0556593891298835
TTC3-AS1	0.0681700706365031
SREK1IP1P1	0.392851226455996
_ENSG00000230212	0.821370311022927
LINC00159	0.272790390120135
_ENSG00000231236	0.29280227211569
_ENSG00000232855	0.972971496666857
_ENSG00000233783	0.871602981939122
_ENSG00000233818	0.941897840424846
MIR155HG	0.219696043786173
_ENSG00000235888	0.625839017290262
LINC01695	0.219407355593487
CBR3-AS1	0.199777657344809
LINC01684	0.88659630496676
LINC00649	0.346014092464655
PAXBP1-AS1	0.198622259740621
_ENSG00000242553	0.918209685830619
IL10RB	0.7592967261846
_ENSG00000249209	0.0381409521761803
URB1-AS1	0.345296052371122
_ENSG00000272657	0.809179633653681
_ENSG00000273492	0.0681700706365031
BTG3-AS1_ENSG00000280594	0.29280227211569
PFKL	0.504050485415241
COL6A1	0.873535771904725
COL6A2	0.505308522423654
TRPM2	0.631639488815471
HSF2BP	0.451492149879225
RRP1B	0.351191441387806
PDXK	0.686715405546879
CSTB	0.511466963899355
RRP1	0.429748476428577
AGPAT3	0.495277296240364
TRAPPC10	0.138407002336029
CFAP410	0.875968957781539
ITGB2	0.850305150781562
FAM207A	0.633224315409053
FTCD_ENSG00000160282	0.885155508586149
SPATC1L_ENSG00000160284	0.0919196645359976
LSS_ENSG00000160285	0.170506684885648
MCM3AP	0.646244799655769
C21orf58	0.946335333003865
PCNT	0.222515602200258
DIP2A	0.0226559234329756
S100B	0.139289957462612
PRMT2	0.264147598672615
SLC19A1	0.424921405311295
TSPEAR	0.649899752209801
YBEY	0.313203559490825
COL18A1	0.136488878481615
PTTG1IP	0.203903999997712
PCBP3	0.0910754526401953
UBE2G2	0.0974353209918301
SUMO3	0.835516756973974
POFUT2	0.440180582197039
ADARB1	0.776002069019694
MCM3AP-AS1	0.258272638860349
LINC00205	0.789839774103044
_ENSG00000276529	0.634703118281967
MT-ND6	0.222189312854108
MT-CO2	1.48700196790421e-06
MT-CYB	0.0565925070261119
MT-ND2	1.7797611701859e-10
MT-ND5	0.933033334622115
MT-CO1	5.23457125482615e-06
MT-ND3	1.12839855936561e-19
MT-ND4	1.54465148458451e-07
MT-ND1	4.45331317356458e-05
MT-ATP6	6.64687732673072e-05
MT-CO3	0.0302069507899281
MT-TL1	0.219407355593487
MT-TV	0.345654953589252
MT-RNR2	2.91916143791763e-07
MT-TM	0.806667694730469
MT-RNR1	0.0180028671175981
MT-ND4L	0.00171853602476471
MT-ATP8	0.350044485466912
