"","DESeq2","rank_sum","MAST_glm","MAST_glmer","PS_nb_Was","PS_dca_direct_Was","PS_saver_direct_Was"
"DESeq2",605,598,601,593,333,532,556
"rank_sum",598,3370,3352,3160,941,2765,2675
"MAST_glm",601,3352,4950,4678,1002,3838,3619
"MAST_glmer",593,3160,4678,4705,1003,3720,3540
"PS_nb_Was",333,941,1002,1003,1008,960,970
"PS_dca_direct_Was",532,2765,3838,3720,960,3948,3343
"PS_saver_direct_Was",556,2675,3619,3540,970,3343,3714
